-75.7510541,  36.1824308,     8.15,    50.00,   548.00
-75.7509273,  36.1824645,     7.74,    62.00,   548.00
-75.7508005,  36.1824981,     4.91,    74.00,   548.00
-75.7506738,  36.1825318,     3.33,    86.00,   548.00
-75.7505470,  36.1825655,     1.73,    98.00,   548.00
-75.7504202,  36.1825991,     0.09,   110.00,   548.00
-75.7502935,  36.1826328,    -0.80,   122.00,   548.00
-75.7501667,  36.1826665,    -1.64,   134.00,   548.00
-75.7500399,  36.1827001,    -1.72,   146.00,   548.00
-75.7499131,  36.1827338,    -1.42,   158.00,   548.00
-75.7497864,  36.1827675,    -0.96,   170.00,   548.00
-75.7496596,  36.1828011,    -1.01,   182.00,   548.00
-75.7495328,  36.1828348,    -0.97,   194.00,   548.00
-75.7511371,  36.1826363,     7.77,    50.00,   572.00
-75.7510104,  36.1826700,     6.71,    62.00,   572.00
-75.7508836,  36.1827037,     4.67,    74.00,   572.00
-75.7507568,  36.1827373,     2.66,    86.00,   572.00
-75.7506301,  36.1827710,     1.44,    98.00,   572.00
-75.7505033,  36.1828047,     0.24,   110.00,   572.00
-75.7503765,  36.1828383,    -1.10,   122.00,   572.00
-75.7502497,  36.1828720,    -1.72,   134.00,   572.00
-75.7501230,  36.1829057,    -1.93,   146.00,   572.00
-75.7499962,  36.1829393,    -1.47,   158.00,   572.00
-75.7498694,  36.1829730,    -0.98,   170.00,   572.00
-75.7497427,  36.1830067,    -1.09,   182.00,   572.00
-75.7496159,  36.1830403,    -1.17,   194.00,   572.00
-75.7512202,  36.1828419,     7.36,    50.00,   596.00
-75.7510934,  36.1828755,     6.31,    62.00,   596.00
-75.7509667,  36.1829092,     4.23,    74.00,   596.00
-75.7508399,  36.1829429,     2.84,    86.00,   596.00
-75.7507131,  36.1829765,     1.35,    98.00,   596.00
-75.7505863,  36.1830102,     0.00,   110.00,   596.00
-75.7504596,  36.1830439,    -0.87,   122.00,   596.00
-75.7503328,  36.1830775,    -1.76,   134.00,   596.00
-75.7502060,  36.1831112,    -1.71,   146.00,   596.00
-75.7500793,  36.1831449,    -1.39,   158.00,   596.00
-75.7499525,  36.1831786,    -1.04,   170.00,   596.00
-75.7498257,  36.1832122,    -1.20,   182.00,   596.00
-75.7496990,  36.1832459,    -1.33,   194.00,   596.00
-75.7513033,  36.1830474,     7.15,    50.00,   620.00
-75.7511765,  36.1830811,     6.10,    62.00,   620.00
-75.7510497,  36.1831147,     4.19,    74.00,   620.00
-75.7509229,  36.1831484,     2.59,    86.00,   620.00
-75.7507962,  36.1831821,     1.12,    98.00,   620.00
-75.7506694,  36.1832158,    -0.19,   110.00,   620.00
-75.7505426,  36.1832494,    -1.07,   122.00,   620.00
-75.7504159,  36.1832831,    -1.77,   134.00,   620.00
-75.7502891,  36.1833168,    -1.63,   146.00,   620.00
-75.7501623,  36.1833504,    -1.30,   158.00,   620.00
-75.7500356,  36.1833841,    -1.05,   170.00,   620.00
-75.7499088,  36.1834178,    -1.31,   182.00,   620.00
-75.7497820,  36.1834514,    -1.53,   194.00,   620.00
-75.7513863,  36.1832530,     7.06,    50.00,   644.00
-75.7512595,  36.1832866,     6.59,    62.00,   644.00
-75.7511328,  36.1833203,     3.89,    74.00,   644.00
-75.7510060,  36.1833540,     2.26,    86.00,   644.00
-75.7508792,  36.1833876,     0.93,    98.00,   644.00
-75.7507525,  36.1834213,    -0.35,   110.00,   644.00
-75.7506257,  36.1834550,    -1.54,   122.00,   644.00
-75.7504989,  36.1834886,    -1.76,   134.00,   644.00
-75.7503722,  36.1835223,    -1.73,   146.00,   644.00
-75.7502454,  36.1835560,    -1.14,   158.00,   644.00
-75.7501186,  36.1835896,    -1.01,   170.00,   644.00
-75.7499919,  36.1836233,    -1.31,   182.00,   644.00
-75.7498651,  36.1836570,    -1.73,   194.00,   644.00
-75.7514694,  36.1834585,     7.03,    50.00,   668.00
-75.7513426,  36.1834922,     5.79,    62.00,   668.00
-75.7512158,  36.1835258,     4.09,    74.00,   668.00
-75.7510891,  36.1835595,     2.44,    86.00,   668.00
-75.7509623,  36.1835932,     0.89,    98.00,   668.00
-75.7508355,  36.1836268,    -0.37,   110.00,   668.00
-75.7507088,  36.1836605,    -1.24,   122.00,   668.00
-75.7505820,  36.1836942,    -1.61,   134.00,   668.00
-75.7504552,  36.1837278,    -1.57,   146.00,   668.00
-75.7503285,  36.1837615,    -1.37,   158.00,   668.00
-75.7502017,  36.1837952,    -1.16,   170.00,   668.00
-75.7500749,  36.1838288,    -1.42,   182.00,   668.00
-75.7499481,  36.1838625,    -1.65,   194.00,   668.00
-75.7515524,  36.1836640,     7.17,    50.00,   692.00
-75.7514257,  36.1836977,     5.85,    62.00,   692.00
-75.7512989,  36.1837314,     3.54,    74.00,   692.00
-75.7511721,  36.1837650,     2.21,    86.00,   692.00
-75.7510454,  36.1837987,     0.88,    98.00,   692.00
-75.7509186,  36.1838324,    -0.34,   110.00,   692.00
-75.7507918,  36.1838660,    -1.23,   122.00,   692.00
-75.7506651,  36.1838997,    -1.63,   134.00,   692.00
-75.7505383,  36.1839334,    -1.56,   146.00,   692.00
-75.7504115,  36.1839670,    -1.41,   158.00,   692.00
-75.7502847,  36.1840007,    -1.26,   170.00,   692.00
-75.7501580,  36.1840344,    -1.49,   182.00,   692.00
-75.7500312,  36.1840681,    -1.68,   194.00,   692.00
-75.7516355,  36.1838696,     7.26,    50.00,   716.00
-75.7515087,  36.1839032,     6.16,    62.00,   716.00
-75.7513820,  36.1839369,     3.37,    74.00,   716.00
-75.7512552,  36.1839706,     1.91,    86.00,   716.00
-75.7511284,  36.1840042,     0.78,    98.00,   716.00
-75.7510016,  36.1840379,    -0.50,   110.00,   716.00
-75.7508749,  36.1840716,    -1.45,   122.00,   716.00
-75.7507481,  36.1841053,    -1.79,   134.00,   716.00
-75.7506213,  36.1841389,    -1.76,   146.00,   716.00
-75.7504946,  36.1841726,    -1.31,   158.00,   716.00
-75.7503678,  36.1842063,    -1.29,   170.00,   716.00
-75.7502410,  36.1842399,    -1.48,   182.00,   716.00
-75.7501143,  36.1842736,    -1.72,   194.00,   716.00
-75.7517186,  36.1840751,     7.05,    50.00,   740.00
-75.7515918,  36.1841088,     5.43,    62.00,   740.00
-75.7514650,  36.1841425,     3.55,    74.00,   740.00
-75.7513382,  36.1841761,     2.03,    86.00,   740.00
-75.7512115,  36.1842098,     0.75,    98.00,   740.00
-75.7510847,  36.1842435,    -0.47,   110.00,   740.00
-75.7509579,  36.1842771,    -1.29,   122.00,   740.00
-75.7508312,  36.1843108,    -1.71,   134.00,   740.00
-75.7507044,  36.1843445,    -1.67,   146.00,   740.00
-75.7505776,  36.1843781,    -1.46,   158.00,   740.00
-75.7504509,  36.1844118,    -1.37,   170.00,   740.00
-75.7503241,  36.1844455,    -1.52,   182.00,   740.00
-75.7501973,  36.1844791,    -1.63,   194.00,   740.00
-75.7518016,  36.1842807,     7.16,    50.00,   764.00
-75.7516748,  36.1843143,     5.83,    62.00,   764.00
-75.7515481,  36.1843480,     2.87,    74.00,   764.00
-75.7514213,  36.1843817,     1.83,    86.00,   764.00
-75.7512945,  36.1844153,     0.81,    98.00,   764.00
-75.7511678,  36.1844490,    -0.45,   110.00,   764.00
-75.7510410,  36.1844827,    -1.44,   122.00,   764.00
-75.7509142,  36.1845163,    -1.72,   134.00,   764.00
-75.7507875,  36.1845500,    -1.69,   146.00,   764.00
-75.7506607,  36.1845837,    -1.45,   158.00,   764.00
-75.7505339,  36.1846173,    -1.40,   170.00,   764.00
-75.7504072,  36.1846510,    -1.54,   182.00,   764.00
-75.7502804,  36.1846847,    -1.61,   194.00,   764.00
-75.7518847,  36.1844862,     7.04,    50.00,   788.00
-75.7517579,  36.1845199,     5.50,    62.00,   788.00
-75.7516311,  36.1845535,     3.62,    74.00,   788.00
-75.7515044,  36.1845872,     2.04,    86.00,   788.00
-75.7513776,  36.1846209,     0.74,    98.00,   788.00
-75.7512508,  36.1846545,    -0.53,   110.00,   788.00
-75.7511241,  36.1846882,    -1.36,   122.00,   788.00
-75.7509973,  36.1847219,    -1.68,   134.00,   788.00
-75.7508705,  36.1847555,    -1.59,   146.00,   788.00
-75.7507438,  36.1847892,    -1.44,   158.00,   788.00
-75.7506170,  36.1848229,    -1.34,   170.00,   788.00
-75.7504902,  36.1848565,    -1.43,   182.00,   788.00
-75.7503634,  36.1848902,    -1.46,   194.00,   788.00
-75.7519677,  36.1846917,     6.94,    50.00,   812.00
-75.7518410,  36.1847254,     5.55,    62.00,   812.00
-75.7517142,  36.1847591,     3.74,    74.00,   812.00
-75.7515874,  36.1847927,     2.15,    86.00,   812.00
-75.7514607,  36.1848264,     0.83,    98.00,   812.00
-75.7513339,  36.1848601,    -0.50,   110.00,   812.00
-75.7512071,  36.1848937,    -1.38,   122.00,   812.00
-75.7510804,  36.1849274,    -1.65,   134.00,   812.00
-75.7509536,  36.1849611,    -1.50,   146.00,   812.00
-75.7508268,  36.1849948,    -1.26,   158.00,   812.00
-75.7507000,  36.1850284,    -1.20,   170.00,   812.00
-75.7505733,  36.1850621,    -1.31,   182.00,   812.00
-75.7504465,  36.1850958,    -1.34,   194.00,   812.00
-75.7520508,  36.1848973,     6.89,    50.00,   836.00
-75.7519240,  36.1849309,     5.99,    62.00,   836.00
-75.7517973,  36.1849646,     3.55,    74.00,   836.00
-75.7516705,  36.1849983,     1.98,    86.00,   836.00
-75.7515437,  36.1850320,     0.96,    98.00,   836.00
-75.7514170,  36.1850656,    -0.55,   110.00,   836.00
-75.7512902,  36.1850993,    -1.55,   122.00,   836.00
-75.7511634,  36.1851330,    -1.72,   134.00,   836.00
-75.7510366,  36.1851666,    -1.55,   146.00,   836.00
-75.7509099,  36.1852003,    -1.07,   158.00,   836.00
-75.7507831,  36.1852340,    -1.07,   170.00,   836.00
-75.7506563,  36.1852676,    -1.24,   182.00,   836.00
-75.7505296,  36.1853013,    -1.26,   194.00,   836.00
-75.7521339,  36.1851028,     6.73,    50.00,   860.00
-75.7520071,  36.1851365,     6.16,    62.00,   860.00
-75.7518803,  36.1851702,     3.82,    74.00,   860.00
-75.7517536,  36.1852038,     2.22,    86.00,   860.00
-75.7516268,  36.1852375,     1.02,    98.00,   860.00
-75.7515000,  36.1852712,    -0.35,   110.00,   860.00
-75.7513732,  36.1853048,    -1.37,   122.00,   860.00
-75.7512465,  36.1853385,    -1.67,   134.00,   860.00
-75.7511197,  36.1853722,    -1.48,   146.00,   860.00
-75.7509929,  36.1854058,    -1.09,   158.00,   860.00
-75.7508662,  36.1854395,    -1.08,   170.00,   860.00
-75.7507394,  36.1854732,    -1.26,   182.00,   860.00
-75.7506126,  36.1855068,    -1.34,   194.00,   860.00
-75.7522169,  36.1853084,     6.65,    50.00,   884.00
-75.7520902,  36.1853420,     6.23,    62.00,   884.00
-75.7519634,  36.1853757,     3.79,    74.00,   884.00
-75.7518366,  36.1854094,     2.10,    86.00,   884.00
-75.7517098,  36.1854430,     1.05,    98.00,   884.00
-75.7515831,  36.1854767,    -0.14,   110.00,   884.00
-75.7514563,  36.1855104,    -1.36,   122.00,   884.00
-75.7513295,  36.1855440,    -1.65,   134.00,   884.00
-75.7512028,  36.1855777,    -1.36,   146.00,   884.00
-75.7510760,  36.1856114,    -1.08,   158.00,   884.00
-75.7509492,  36.1856450,    -1.13,   170.00,   884.00
-75.7508225,  36.1856787,    -1.34,   182.00,   884.00
-75.7506957,  36.1857124,    -1.48,   194.00,   884.00
-75.7523000,  36.1855139,     6.47,    50.00,   908.00
-75.7521732,  36.1855476,     6.19,    62.00,   908.00
-75.7520464,  36.1855812,     4.08,    74.00,   908.00
-75.7519197,  36.1856149,     2.39,    86.00,   908.00
-75.7517929,  36.1856486,     1.10,    98.00,   908.00
-75.7516661,  36.1856822,    -0.05,   110.00,   908.00
-75.7515394,  36.1857159,    -1.19,   122.00,   908.00
-75.7514126,  36.1857496,    -1.64,   134.00,   908.00
-75.7512858,  36.1857832,    -1.29,   146.00,   908.00
-75.7511591,  36.1858169,    -1.15,   158.00,   908.00
-75.7510323,  36.1858506,    -1.25,   170.00,   908.00
-75.7509055,  36.1858843,    -1.43,   182.00,   908.00
-75.7507787,  36.1859179,    -1.52,   194.00,   908.00
-75.7523830,  36.1857194,     6.36,    50.00,   932.00
-75.7522563,  36.1857531,     6.13,    62.00,   932.00
-75.7521295,  36.1857868,     4.37,    74.00,   932.00
-75.7520027,  36.1858204,     2.75,    86.00,   932.00
-75.7518760,  36.1858541,     1.21,    98.00,   932.00
-75.7517492,  36.1858878,    -0.00,   110.00,   932.00
-75.7516224,  36.1859215,    -0.93,   122.00,   932.00
-75.7514957,  36.1859551,    -1.57,   134.00,   932.00
-75.7513689,  36.1859888,    -1.49,   146.00,   932.00
-75.7512421,  36.1860225,    -1.40,   158.00,   932.00
-75.7511153,  36.1860561,    -1.48,   170.00,   932.00
-75.7509886,  36.1860898,    -1.59,   182.00,   932.00
-75.7508618,  36.1861235,    -1.55,   194.00,   932.00
-75.7524661,  36.1859250,     6.45,    50.00,   956.00
-75.7523393,  36.1859587,     6.36,    62.00,   956.00
-75.7522126,  36.1859923,     4.76,    74.00,   956.00
-75.7520858,  36.1860260,     2.81,    86.00,   956.00
-75.7519590,  36.1860597,     1.32,    98.00,   956.00
-75.7518323,  36.1860933,     0.16,   110.00,   956.00
-75.7517055,  36.1861270,    -0.89,   122.00,   956.00
-75.7515787,  36.1861607,    -1.58,   134.00,   956.00
-75.7514519,  36.1861943,    -1.68,   146.00,   956.00
-75.7513252,  36.1862280,    -1.66,   158.00,   956.00
-75.7511984,  36.1862617,    -1.73,   170.00,   956.00
-75.7510716,  36.1862953,    -1.70,   182.00,   956.00
-75.7509449,  36.1863290,    -1.61,   194.00,   956.00
-75.7525492,  36.1861305,     6.41,    50.00,   980.00
-75.7524224,  36.1861642,     6.73,    62.00,   980.00
-75.7522956,  36.1861979,     4.89,    74.00,   980.00
-75.7521689,  36.1862315,     2.74,    86.00,   980.00
-75.7520421,  36.1862652,     1.36,    98.00,   980.00
-75.7519153,  36.1862989,     0.23,   110.00,   980.00
-75.7517885,  36.1863325,    -1.12,   122.00,   980.00
-75.7516618,  36.1863662,    -1.52,   134.00,   980.00
-75.7515350,  36.1863999,    -1.82,   146.00,   980.00
-75.7514082,  36.1864335,    -1.90,   158.00,   980.00
-75.7512815,  36.1864672,    -1.84,   170.00,   980.00
-75.7511547,  36.1865009,    -1.54,   182.00,   980.00
-75.7510279,  36.1865345,    -1.59,   194.00,   980.00
-75.7526322,  36.1863361,     6.18,    50.00,  1004.00
-75.7525055,  36.1863697,     6.32,    62.00,  1004.00
-75.7523787,  36.1864034,     4.83,    74.00,  1004.00
-75.7522519,  36.1864371,     2.98,    86.00,  1004.00
-75.7521251,  36.1864707,     1.39,    98.00,  1004.00
-75.7519984,  36.1865044,     0.02,   110.00,  1004.00
-75.7518716,  36.1865381,    -0.95,   122.00,  1004.00
-75.7517448,  36.1865717,    -1.60,   134.00,  1004.00
-75.7516181,  36.1866054,    -1.85,   146.00,  1004.00
-75.7514913,  36.1866391,    -1.89,   158.00,  1004.00
-75.7513645,  36.1866727,    -1.66,   170.00,  1004.00
-75.7512378,  36.1867064,    -1.59,   182.00,  1004.00
-75.7511110,  36.1867401,    -1.57,   194.00,  1004.00
-75.7527153,  36.1865416,     6.13,    50.00,  1028.00
-75.7525885,  36.1865753,     6.23,    62.00,  1028.00
-75.7524617,  36.1866089,     4.99,    74.00,  1028.00
-75.7523350,  36.1866426,     3.00,    86.00,  1028.00
-75.7522082,  36.1866763,     1.55,    98.00,  1028.00
-75.7520814,  36.1867099,    -0.10,   110.00,  1028.00
-75.7519547,  36.1867436,    -1.03,   122.00,  1028.00
-75.7518279,  36.1867773,    -1.70,   134.00,  1028.00
-75.7517011,  36.1868109,    -1.91,   146.00,  1028.00
-75.7515744,  36.1868446,    -1.88,   158.00,  1028.00
-75.7514476,  36.1868783,    -1.65,   170.00,  1028.00
-75.7513208,  36.1869120,    -1.55,   182.00,  1028.00
-75.7511941,  36.1869456,    -1.54,   194.00,  1028.00
-75.7527983,  36.1867471,     6.13,    50.00,  1052.00
-75.7526716,  36.1867808,     6.21,    62.00,  1052.00
-75.7525448,  36.1868145,     5.30,    74.00,  1052.00
-75.7524180,  36.1868481,     3.05,    86.00,  1052.00
-75.7522913,  36.1868818,     1.42,    98.00,  1052.00
-75.7521645,  36.1869155,     0.02,   110.00,  1052.00
-75.7520377,  36.1869492,    -1.43,   122.00,  1052.00
-75.7519110,  36.1869828,    -1.82,   134.00,  1052.00
-75.7517842,  36.1870165,    -2.00,   146.00,  1052.00
-75.7516574,  36.1870502,    -1.90,   158.00,  1052.00
-75.7515307,  36.1870838,    -1.55,   170.00,  1052.00
-75.7514039,  36.1871175,    -1.48,   182.00,  1052.00
-75.7512771,  36.1871512,    -1.55,   194.00,  1052.00
-75.7528814,  36.1869527,     6.19,    50.00,  1076.00
-75.7527546,  36.1869864,     6.23,    62.00,  1076.00
-75.7526279,  36.1870200,     5.25,    74.00,  1076.00
-75.7525011,  36.1870537,     3.36,    86.00,  1076.00
-75.7523743,  36.1870874,     1.81,    98.00,  1076.00
-75.7522476,  36.1871210,     0.11,   110.00,  1076.00
-75.7521208,  36.1871547,    -1.00,   122.00,  1076.00
-75.7519940,  36.1871884,    -1.77,   134.00,  1076.00
-75.7518673,  36.1872220,    -1.90,   146.00,  1076.00
-75.7517405,  36.1872557,    -1.78,   158.00,  1076.00
-75.7516137,  36.1872894,    -1.56,   170.00,  1076.00
-75.7514869,  36.1873230,    -1.51,   182.00,  1076.00
-75.7513602,  36.1873567,    -1.54,   194.00,  1076.00
-75.7529645,  36.1871582,     6.21,    50.00,  1100.00
-75.7528377,  36.1871919,     6.06,    62.00,  1100.00
-75.7527109,  36.1872256,     5.33,    74.00,  1100.00
-75.7525842,  36.1872592,     3.30,    86.00,  1100.00
-75.7524574,  36.1872929,     1.97,    98.00,  1100.00
-75.7523306,  36.1873266,     0.28,   110.00,  1100.00
-75.7522039,  36.1873602,    -0.87,   122.00,  1100.00
-75.7520771,  36.1873939,    -1.70,   134.00,  1100.00
-75.7519503,  36.1874276,    -1.84,   146.00,  1100.00
-75.7518235,  36.1874612,    -1.76,   158.00,  1100.00
-75.7516968,  36.1874949,    -1.63,   170.00,  1100.00
-75.7515700,  36.1875286,    -1.56,   182.00,  1100.00
-75.7514432,  36.1875622,    -1.55,   194.00,  1100.00
