-75.7520508,  36.1848973,     5.35,    50.00,   836.00
-75.7519240,  36.1849309,     4.42,    62.00,   836.00
-75.7517973,  36.1849646,     3.85,    74.00,   836.00
-75.7516705,  36.1849983,     2.86,    86.00,   836.00
-75.7515437,  36.1850320,     1.95,    98.00,   836.00
-75.7514170,  36.1850656,     1.13,   110.00,   836.00
-75.7512902,  36.1850993,    -0.10,   122.00,   836.00
-75.7511634,  36.1851330,    -1.03,   134.00,   836.00
-75.7510366,  36.1851666,    -1.68,   146.00,   836.00
-75.7509099,  36.1852003,    -2.08,   158.00,   836.00
-75.7507831,  36.1852340,    -2.40,   170.00,   836.00
-75.7506563,  36.1852676,    -2.49,   182.00,   836.00
-75.7505296,  36.1853013,    -2.49,   194.00,   836.00
-75.7504028,  36.1853350,    -2.41,   206.00,   836.00
-75.7502760,  36.1853686,    -2.30,   218.00,   836.00
-75.7501493,  36.1854023,    -2.23,   230.00,   836.00
-75.7500225,  36.1854360,    -2.31,   242.00,   836.00
-75.7498957,  36.1854696,    -2.51,   254.00,   836.00
-75.7497690,  36.1855033,    -2.74,   266.00,   836.00
-75.7496422,  36.1855370,    -3.04,   278.00,   836.00
-75.7495154,  36.1855706,    -3.33,   290.00,   836.00
-75.7493886,  36.1856043,    -3.55,   302.00,   836.00
-75.7492619,  36.1856380,    -3.80,   314.00,   836.00
-75.7491351,  36.1856716,    -4.00,   326.00,   836.00
-75.7490083,  36.1857053,    -4.15,   338.00,   836.00
-75.7488816,  36.1857390,    -4.29,   350.00,   836.00
-75.7487548,  36.1857727,    -4.40,   362.00,   836.00
-75.7486280,  36.1858063,    -4.45,   374.00,   836.00
-75.7485013,  36.1858400,    -4.51,   386.00,   836.00
-75.7483745,  36.1858737,    -4.56,   398.00,   836.00
-75.7482477,  36.1859073,    -4.61,   410.00,   836.00
-75.7481210,  36.1859410,    -4.65,   422.00,   836.00
-75.7479942,  36.1859747,    -4.68,   434.00,   836.00
-75.7478674,  36.1860083,    -4.71,   446.00,   836.00
-75.7521339,  36.1851028,     6.25,    50.00,   860.00
-75.7520071,  36.1851365,     5.42,    62.00,   860.00
-75.7518803,  36.1851702,     3.36,    74.00,   860.00
-75.7517536,  36.1852038,     2.60,    86.00,   860.00
-75.7516268,  36.1852375,     2.28,    98.00,   860.00
-75.7515000,  36.1852712,     1.10,   110.00,   860.00
-75.7513732,  36.1853048,    -0.09,   122.00,   860.00
-75.7512465,  36.1853385,    -1.06,   134.00,   860.00
-75.7511197,  36.1853722,    -1.73,   146.00,   860.00
-75.7509929,  36.1854058,    -2.28,   158.00,   860.00
-75.7508662,  36.1854395,    -2.37,   170.00,   860.00
-75.7507394,  36.1854732,    -2.50,   182.00,   860.00
-75.7506126,  36.1855068,    -2.57,   194.00,   860.00
-75.7504859,  36.1855405,    -2.43,   206.00,   860.00
-75.7503591,  36.1855742,    -2.22,   218.00,   860.00
-75.7502323,  36.1856078,    -2.18,   230.00,   860.00
-75.7501056,  36.1856415,    -2.26,   242.00,   860.00
-75.7499788,  36.1856752,    -2.45,   254.00,   860.00
-75.7498520,  36.1857088,    -2.73,   266.00,   860.00
-75.7497252,  36.1857425,    -3.04,   278.00,   860.00
-75.7495985,  36.1857762,    -3.33,   290.00,   860.00
-75.7494717,  36.1858099,    -3.58,   302.00,   860.00
-75.7493449,  36.1858435,    -3.80,   314.00,   860.00
-75.7492182,  36.1858772,    -4.01,   326.00,   860.00
-75.7490914,  36.1859109,    -4.17,   338.00,   860.00
-75.7489646,  36.1859445,    -4.30,   350.00,   860.00
-75.7488379,  36.1859782,    -4.40,   362.00,   860.00
-75.7487111,  36.1860119,    -4.46,   374.00,   860.00
-75.7485843,  36.1860455,    -4.53,   386.00,   860.00
-75.7484576,  36.1860792,    -4.55,   398.00,   860.00
-75.7483308,  36.1861129,    -4.61,   410.00,   860.00
-75.7482040,  36.1861465,    -4.66,   422.00,   860.00
-75.7480772,  36.1861802,    -4.72,   434.00,   860.00
-75.7479505,  36.1862139,    -4.74,   446.00,   860.00
-75.7522169,  36.1853084,     6.92,    50.00,   884.00
-75.7520902,  36.1853420,     6.39,    62.00,   884.00
-75.7519634,  36.1853757,     3.50,    74.00,   884.00
-75.7518366,  36.1854094,     2.82,    86.00,   884.00
-75.7517098,  36.1854430,     2.36,    98.00,   884.00
-75.7515831,  36.1854767,     1.62,   110.00,   884.00
-75.7514563,  36.1855104,     0.24,   122.00,   884.00
-75.7513295,  36.1855440,    -0.96,   134.00,   884.00
-75.7512028,  36.1855777,    -1.53,   146.00,   884.00
-75.7510760,  36.1856114,    -2.20,   158.00,   884.00
-75.7509492,  36.1856450,    -2.37,   170.00,   884.00
-75.7508225,  36.1856787,    -2.51,   182.00,   884.00
-75.7506957,  36.1857124,    -2.55,   194.00,   884.00
-75.7505689,  36.1857460,    -2.46,   206.00,   884.00
-75.7504422,  36.1857797,    -2.29,   218.00,   884.00
-75.7503154,  36.1858134,    -2.15,   230.00,   884.00
-75.7501886,  36.1858471,    -2.18,   242.00,   884.00
-75.7500618,  36.1858807,    -2.36,   254.00,   884.00
-75.7499351,  36.1859144,    -2.66,   266.00,   884.00
-75.7498083,  36.1859481,    -2.98,   278.00,   884.00
-75.7496815,  36.1859817,    -3.29,   290.00,   884.00
-75.7495548,  36.1860154,    -3.57,   302.00,   884.00
-75.7494280,  36.1860491,    -3.81,   314.00,   884.00
-75.7493012,  36.1860827,    -4.02,   326.00,   884.00
-75.7491745,  36.1861164,    -4.16,   338.00,   884.00
-75.7490477,  36.1861501,    -4.28,   350.00,   884.00
-75.7489209,  36.1861837,    -4.38,   362.00,   884.00
-75.7487941,  36.1862174,    -4.47,   374.00,   884.00
-75.7486674,  36.1862511,    -4.52,   386.00,   884.00
-75.7485406,  36.1862847,    -4.57,   398.00,   884.00
-75.7484138,  36.1863184,    -4.61,   410.00,   884.00
-75.7482871,  36.1863521,    -4.66,   422.00,   884.00
-75.7481603,  36.1863857,    -4.71,   434.00,   884.00
-75.7480335,  36.1864194,    -4.73,   446.00,   884.00
-75.7523000,  36.1855139,     7.39,    50.00,   908.00
-75.7521732,  36.1855476,     6.57,    62.00,   908.00
-75.7520464,  36.1855812,     3.67,    74.00,   908.00
-75.7519197,  36.1856149,     2.67,    86.00,   908.00
-75.7517929,  36.1856486,     2.32,    98.00,   908.00
-75.7516661,  36.1856822,     1.47,   110.00,   908.00
-75.7515394,  36.1857159,     0.23,   122.00,   908.00
-75.7514126,  36.1857496,    -0.92,   134.00,   908.00
-75.7512858,  36.1857832,    -1.60,   146.00,   908.00
-75.7511591,  36.1858169,    -2.22,   158.00,   908.00
-75.7510323,  36.1858506,    -2.35,   170.00,   908.00
-75.7509055,  36.1858843,    -2.48,   182.00,   908.00
-75.7507787,  36.1859179,    -2.56,   194.00,   908.00
-75.7506520,  36.1859516,    -2.49,   206.00,   908.00
-75.7505252,  36.1859853,    -2.29,   218.00,   908.00
-75.7503984,  36.1860189,    -2.12,   230.00,   908.00
-75.7502717,  36.1860526,    -2.18,   242.00,   908.00
-75.7501449,  36.1860863,    -2.40,   254.00,   908.00
-75.7500181,  36.1861199,    -2.70,   266.00,   908.00
-75.7498914,  36.1861536,    -3.03,   278.00,   908.00
-75.7497646,  36.1861873,    -3.35,   290.00,   908.00
-75.7496378,  36.1862209,    -3.62,   302.00,   908.00
-75.7495111,  36.1862546,    -3.83,   314.00,   908.00
-75.7493843,  36.1862883,    -4.02,   326.00,   908.00
-75.7492575,  36.1863219,    -4.18,   338.00,   908.00
-75.7491307,  36.1863556,    -4.30,   350.00,   908.00
-75.7490040,  36.1863893,    -4.43,   362.00,   908.00
-75.7488772,  36.1864229,    -4.50,   374.00,   908.00
-75.7487504,  36.1864566,    -4.55,   386.00,   908.00
-75.7486237,  36.1864903,    -4.60,   398.00,   908.00
-75.7484969,  36.1865239,    -4.63,   410.00,   908.00
-75.7483701,  36.1865576,    -4.67,   422.00,   908.00
-75.7482434,  36.1865913,    -4.72,   434.00,   908.00
-75.7481166,  36.1866249,    -4.73,   446.00,   908.00
-75.7523830,  36.1857194,     6.68,    50.00,   932.00
-75.7522563,  36.1857531,     5.87,    62.00,   932.00
-75.7521295,  36.1857868,     4.11,    74.00,   932.00
-75.7520027,  36.1858204,     2.97,    86.00,   932.00
-75.7518760,  36.1858541,     2.37,    98.00,   932.00
-75.7517492,  36.1858878,     1.55,   110.00,   932.00
-75.7516224,  36.1859215,     0.36,   122.00,   932.00
-75.7514957,  36.1859551,    -0.76,   134.00,   932.00
-75.7513689,  36.1859888,    -1.52,   146.00,   932.00
-75.7512421,  36.1860225,    -2.14,   158.00,   932.00
-75.7511153,  36.1860561,    -2.35,   170.00,   932.00
-75.7509886,  36.1860898,    -2.48,   182.00,   932.00
-75.7508618,  36.1861235,    -2.56,   194.00,   932.00
-75.7507350,  36.1861571,    -2.51,   206.00,   932.00
-75.7506083,  36.1861908,    -2.32,   218.00,   932.00
-75.7504815,  36.1862245,    -2.13,   230.00,   932.00
-75.7503547,  36.1862581,    -2.15,   242.00,   932.00
-75.7502280,  36.1862918,    -2.35,   254.00,   932.00
-75.7501012,  36.1863255,    -2.65,   266.00,   932.00
-75.7499744,  36.1863591,    -3.00,   278.00,   932.00
-75.7498477,  36.1863928,    -3.32,   290.00,   932.00
-75.7497209,  36.1864265,    -3.60,   302.00,   932.00
-75.7495941,  36.1864601,    -3.83,   314.00,   932.00
-75.7494673,  36.1864938,    -4.01,   326.00,   932.00
-75.7493406,  36.1865275,    -4.18,   338.00,   932.00
-75.7492138,  36.1865611,    -4.31,   350.00,   932.00
-75.7490870,  36.1865948,    -4.41,   362.00,   932.00
-75.7489603,  36.1866285,    -4.49,   374.00,   932.00
-75.7488335,  36.1866621,    -4.53,   386.00,   932.00
-75.7487067,  36.1866958,    -4.58,   398.00,   932.00
-75.7485800,  36.1867295,    -4.63,   410.00,   932.00
-75.7484532,  36.1867632,    -4.67,   422.00,   932.00
-75.7483264,  36.1867968,    -4.71,   434.00,   932.00
-75.7481997,  36.1868305,    -4.72,   446.00,   932.00
-75.7524661,  36.1859250,     6.80,    50.00,   956.00
-75.7523393,  36.1859587,     6.91,    62.00,   956.00
-75.7522126,  36.1859923,     4.30,    74.00,   956.00
-75.7520858,  36.1860260,     2.99,    86.00,   956.00
-75.7519590,  36.1860597,     2.56,    98.00,   956.00
-75.7518323,  36.1860933,     1.76,   110.00,   956.00
-75.7517055,  36.1861270,     0.62,   122.00,   956.00
-75.7515787,  36.1861607,    -0.64,   134.00,   956.00
-75.7514519,  36.1861943,    -1.31,   146.00,   956.00
-75.7513252,  36.1862280,    -2.15,   158.00,   956.00
-75.7511984,  36.1862617,    -2.36,   170.00,   956.00
-75.7510716,  36.1862953,    -2.40,   182.00,   956.00
-75.7509449,  36.1863290,    -2.43,   194.00,   956.00
-75.7508181,  36.1863627,    -2.53,   206.00,   956.00
-75.7506913,  36.1863963,    -2.44,   218.00,   956.00
-75.7505646,  36.1864300,    -2.14,   230.00,   956.00
-75.7504378,  36.1864637,    -2.08,   242.00,   956.00
-75.7503110,  36.1864973,    -2.25,   254.00,   956.00
-75.7501843,  36.1865310,    -2.54,   266.00,   956.00
-75.7500575,  36.1865647,    -2.89,   278.00,   956.00
-75.7499307,  36.1865983,    -3.23,   290.00,   956.00
-75.7498039,  36.1866320,    -3.52,   302.00,   956.00
-75.7496772,  36.1866657,    -3.77,   314.00,   956.00
-75.7495504,  36.1866993,    -3.98,   326.00,   956.00
-75.7494236,  36.1867330,    -4.15,   338.00,   956.00
-75.7492969,  36.1867667,    -4.26,   350.00,   956.00
-75.7491701,  36.1868004,    -4.36,   362.00,   956.00
-75.7490433,  36.1868340,    -4.45,   374.00,   956.00
-75.7489166,  36.1868677,    -4.49,   386.00,   956.00
-75.7487898,  36.1869014,    -4.55,   398.00,   956.00
-75.7486630,  36.1869350,    -4.59,   410.00,   956.00
-75.7485363,  36.1869687,    -4.65,   422.00,   956.00
-75.7484095,  36.1870024,    -4.70,   434.00,   956.00
-75.7482827,  36.1870360,    -4.72,   446.00,   956.00
-75.7525492,  36.1861305,     6.03,    50.00,   980.00
-75.7524224,  36.1861642,     6.10,    62.00,   980.00
-75.7522956,  36.1861979,     4.17,    74.00,   980.00
-75.7521689,  36.1862315,     3.25,    86.00,   980.00
-75.7520421,  36.1862652,     2.69,    98.00,   980.00
-75.7519153,  36.1862989,     2.01,   110.00,   980.00
-75.7517885,  36.1863325,     0.77,   122.00,   980.00
-75.7516618,  36.1863662,    -0.58,   134.00,   980.00
-75.7515350,  36.1863999,    -1.24,   146.00,   980.00
-75.7514082,  36.1864335,    -2.14,   158.00,   980.00
-75.7512815,  36.1864672,    -2.43,   170.00,   980.00
-75.7511547,  36.1865009,    -2.57,   182.00,   980.00
-75.7510279,  36.1865345,    -2.58,   194.00,   980.00
-75.7509012,  36.1865682,    -2.62,   206.00,   980.00
-75.7507744,  36.1866019,    -2.58,   218.00,   980.00
-75.7506476,  36.1866355,    -2.21,   230.00,   980.00
-75.7505209,  36.1866692,    -2.03,   242.00,   980.00
-75.7503941,  36.1867029,    -2.18,   254.00,   980.00
-75.7502673,  36.1867365,    -2.47,   266.00,   980.00
-75.7501405,  36.1867702,    -2.83,   278.00,   980.00
-75.7500138,  36.1868039,    -3.18,   290.00,   980.00
-75.7498870,  36.1868376,    -3.49,   302.00,   980.00
-75.7497602,  36.1868712,    -3.75,   314.00,   980.00
-75.7496335,  36.1869049,    -3.96,   326.00,   980.00
-75.7495067,  36.1869386,    -4.12,   338.00,   980.00
-75.7493799,  36.1869722,    -4.24,   350.00,   980.00
-75.7492532,  36.1870059,    -4.34,   362.00,   980.00
-75.7491264,  36.1870396,    -4.41,   374.00,   980.00
-75.7489996,  36.1870732,    -4.47,   386.00,   980.00
-75.7488729,  36.1871069,    -4.52,   398.00,   980.00
-75.7487461,  36.1871406,    -4.58,   410.00,   980.00
-75.7486193,  36.1871742,    -4.63,   422.00,   980.00
-75.7484925,  36.1872079,    -4.68,   434.00,   980.00
-75.7483658,  36.1872416,    -4.70,   446.00,   980.00
-75.7526322,  36.1863361,     5.41,    50.00,  1004.00
-75.7525055,  36.1863697,     4.71,    62.00,  1004.00
-75.7523787,  36.1864034,     4.24,    74.00,  1004.00
-75.7522519,  36.1864371,     3.77,    86.00,  1004.00
-75.7521251,  36.1864707,     2.67,    98.00,  1004.00
-75.7519984,  36.1865044,     1.76,   110.00,  1004.00
-75.7518716,  36.1865381,     0.62,   122.00,  1004.00
-75.7517448,  36.1865717,    -0.30,   134.00,  1004.00
-75.7516181,  36.1866054,    -1.36,   146.00,  1004.00
-75.7514913,  36.1866391,    -1.86,   158.00,  1004.00
-75.7513645,  36.1866727,    -2.32,   170.00,  1004.00
-75.7512378,  36.1867064,    -2.52,   182.00,  1004.00
-75.7511110,  36.1867401,    -2.65,   194.00,  1004.00
-75.7509842,  36.1867737,    -2.61,   206.00,  1004.00
-75.7508575,  36.1868074,    -2.46,   218.00,  1004.00
-75.7507307,  36.1868411,    -2.30,   230.00,  1004.00
-75.7506039,  36.1868748,    -2.18,   242.00,  1004.00
-75.7504771,  36.1869084,    -2.24,   254.00,  1004.00
-75.7503504,  36.1869421,    -2.51,   266.00,  1004.00
-75.7502236,  36.1869758,    -2.84,   278.00,  1004.00
-75.7500968,  36.1870094,    -3.14,   290.00,  1004.00
-75.7499701,  36.1870431,    -3.46,   302.00,  1004.00
-75.7498433,  36.1870768,    -3.73,   314.00,  1004.00
-75.7497165,  36.1871104,    -3.92,   326.00,  1004.00
-75.7495898,  36.1871441,    -4.11,   338.00,  1004.00
-75.7494630,  36.1871778,    -4.24,   350.00,  1004.00
-75.7493362,  36.1872114,    -4.32,   362.00,  1004.00
-75.7492095,  36.1872451,    -4.40,   374.00,  1004.00
-75.7490827,  36.1872788,    -4.47,   386.00,  1004.00
-75.7489559,  36.1873124,    -4.54,   398.00,  1004.00
-75.7488291,  36.1873461,    -4.57,   410.00,  1004.00
-75.7487024,  36.1873798,    -4.61,   422.00,  1004.00
-75.7485756,  36.1874134,    -4.64,   434.00,  1004.00
-75.7484488,  36.1874471,    -4.66,   446.00,  1004.00
