-75.7508005,  36.1824981,     2.16,    74.00,   548.00
-75.7506738,  36.1825318,     2.04,    86.00,   548.00
-75.7505470,  36.1825655,     1.79,    98.00,   548.00
-75.7504202,  36.1825991,     0.66,   110.00,   548.00
-75.7502935,  36.1826328,    -0.10,   122.00,   548.00
-75.7501667,  36.1826665,    -0.93,   134.00,   548.00
-75.7500399,  36.1827001,    -1.44,   146.00,   548.00
-75.7499131,  36.1827338,    -1.61,   158.00,   548.00
-75.7497864,  36.1827675,    -1.35,   170.00,   548.00
-75.7496596,  36.1828011,    -1.07,   182.00,   548.00
-75.7495328,  36.1828348,    -1.04,   194.00,   548.00
-75.7494061,  36.1828685,    -1.15,   206.00,   548.00
-75.7492793,  36.1829021,    -1.46,   218.00,   548.00
-75.7491525,  36.1829358,    -1.84,   230.00,   548.00
-75.7490258,  36.1829695,    -2.21,   242.00,   548.00
-75.7488990,  36.1830031,    -2.59,   254.00,   548.00
-75.7487722,  36.1830368,    -2.92,   266.00,   548.00
-75.7486455,  36.1830705,    -3.26,   278.00,   548.00
-75.7485187,  36.1831042,    -3.59,   290.00,   548.00
-75.7483919,  36.1831378,    -3.78,   302.00,   548.00
-75.7482651,  36.1831715,    -4.00,   314.00,   548.00
-75.7481384,  36.1832052,    -4.15,   326.00,   548.00
-75.7480116,  36.1832388,    -4.25,   338.00,   548.00
-75.7478848,  36.1832725,    -4.35,   350.00,   548.00
-75.7477581,  36.1833062,    -4.44,   362.00,   548.00
-75.7476313,  36.1833398,    -4.55,   374.00,   548.00
-75.7475045,  36.1833735,    -4.64,   386.00,   548.00
-75.7473778,  36.1834072,    -4.70,   398.00,   548.00
-75.7472510,  36.1834408,    -4.72,   410.00,   548.00
-75.7471242,  36.1834745,    -4.73,   422.00,   548.00
-75.7469975,  36.1835082,    -4.73,   434.00,   548.00
-75.7468707,  36.1835418,    -4.74,   446.00,   548.00
-75.7508836,  36.1827037,     2.47,    74.00,   572.00
-75.7507568,  36.1827373,     2.22,    86.00,   572.00
-75.7506301,  36.1827710,     1.38,    98.00,   572.00
-75.7505033,  36.1828047,     0.78,   110.00,   572.00
-75.7503765,  36.1828383,    -0.24,   122.00,   572.00
-75.7502497,  36.1828720,    -1.08,   134.00,   572.00
-75.7501230,  36.1829057,    -1.45,   146.00,   572.00
-75.7499962,  36.1829393,    -1.78,   158.00,   572.00
-75.7498694,  36.1829730,    -1.66,   170.00,   572.00
-75.7497427,  36.1830067,    -1.08,   182.00,   572.00
-75.7496159,  36.1830403,    -0.96,   194.00,   572.00
-75.7494891,  36.1830740,    -1.07,   206.00,   572.00
-75.7493624,  36.1831077,    -1.45,   218.00,   572.00
-75.7492356,  36.1831414,    -1.86,   230.00,   572.00
-75.7491088,  36.1831750,    -2.18,   242.00,   572.00
-75.7489821,  36.1832087,    -2.53,   254.00,   572.00
-75.7488553,  36.1832424,    -2.94,   266.00,   572.00
-75.7487285,  36.1832760,    -3.31,   278.00,   572.00
-75.7486017,  36.1833097,    -3.62,   290.00,   572.00
-75.7484750,  36.1833434,    -3.84,   302.00,   572.00
-75.7483482,  36.1833770,    -4.01,   314.00,   572.00
-75.7482214,  36.1834107,    -4.14,   326.00,   572.00
-75.7480947,  36.1834444,    -4.25,   338.00,   572.00
-75.7479679,  36.1834780,    -4.35,   350.00,   572.00
-75.7478411,  36.1835117,    -4.45,   362.00,   572.00
-75.7477144,  36.1835454,    -4.53,   374.00,   572.00
-75.7475876,  36.1835790,    -4.64,   386.00,   572.00
-75.7474608,  36.1836127,    -4.74,   398.00,   572.00
-75.7473341,  36.1836464,    -4.76,   410.00,   572.00
-75.7472073,  36.1836800,    -4.76,   422.00,   572.00
-75.7470805,  36.1837137,    -4.76,   434.00,   572.00
-75.7469537,  36.1837474,    -4.76,   446.00,   572.00
-75.7509667,  36.1829092,     2.63,    74.00,   596.00
-75.7508399,  36.1829429,     2.27,    86.00,   596.00
-75.7507131,  36.1829765,     1.43,    98.00,   596.00
-75.7505863,  36.1830102,     0.56,   110.00,   596.00
-75.7504596,  36.1830439,    -0.50,   122.00,   596.00
-75.7503328,  36.1830775,    -1.23,   134.00,   596.00
-75.7502060,  36.1831112,    -1.65,   146.00,   596.00
-75.7500793,  36.1831449,    -1.87,   158.00,   596.00
-75.7499525,  36.1831786,    -1.86,   170.00,   596.00
-75.7498257,  36.1832122,    -1.32,   182.00,   596.00
-75.7496990,  36.1832459,    -1.30,   194.00,   596.00
-75.7495722,  36.1832796,    -1.56,   206.00,   596.00
-75.7494454,  36.1833132,    -1.80,   218.00,   596.00
-75.7493187,  36.1833469,    -2.00,   230.00,   596.00
-75.7491919,  36.1833806,    -2.21,   242.00,   596.00
-75.7490651,  36.1834142,    -2.52,   254.00,   596.00
-75.7489383,  36.1834479,    -2.94,   266.00,   596.00
-75.7488116,  36.1834816,    -3.35,   278.00,   596.00
-75.7486848,  36.1835152,    -3.67,   290.00,   596.00
-75.7485580,  36.1835489,    -3.89,   302.00,   596.00
-75.7484313,  36.1835826,    -4.04,   314.00,   596.00
-75.7483045,  36.1836162,    -4.14,   326.00,   596.00
-75.7481777,  36.1836499,    -4.24,   338.00,   596.00
-75.7480510,  36.1836836,    -4.34,   350.00,   596.00
-75.7479242,  36.1837172,    -4.44,   362.00,   596.00
-75.7477974,  36.1837509,    -4.53,   374.00,   596.00
-75.7476707,  36.1837846,    -4.63,   386.00,   596.00
-75.7475439,  36.1838182,    -4.72,   398.00,   596.00
-75.7474171,  36.1838519,    -4.75,   410.00,   596.00
-75.7472903,  36.1838856,    -4.76,   422.00,   596.00
-75.7471636,  36.1839193,    -4.76,   434.00,   596.00
-75.7470368,  36.1839529,    -4.76,   446.00,   596.00
-75.7510497,  36.1831147,     2.43,    74.00,   620.00
-75.7509229,  36.1831484,     2.02,    86.00,   620.00
-75.7507962,  36.1831821,     1.20,    98.00,   620.00
-75.7506694,  36.1832158,     0.31,   110.00,   620.00
-75.7505426,  36.1832494,    -0.66,   122.00,   620.00
-75.7504159,  36.1832831,    -1.28,   134.00,   620.00
-75.7502891,  36.1833168,    -1.64,   146.00,   620.00
-75.7501623,  36.1833504,    -1.87,   158.00,   620.00
-75.7500356,  36.1833841,    -1.84,   170.00,   620.00
-75.7499088,  36.1834178,    -1.72,   182.00,   620.00
-75.7497820,  36.1834514,    -1.98,   194.00,   620.00
-75.7496553,  36.1834851,    -2.29,   206.00,   620.00
-75.7495285,  36.1835188,    -2.32,   218.00,   620.00
-75.7494017,  36.1835524,    -2.25,   230.00,   620.00
-75.7492749,  36.1835861,    -2.33,   242.00,   620.00
-75.7491482,  36.1836198,    -2.64,   254.00,   620.00
-75.7490214,  36.1836534,    -3.04,   266.00,   620.00
-75.7488946,  36.1836871,    -3.43,   278.00,   620.00
-75.7487679,  36.1837208,    -3.73,   290.00,   620.00
-75.7486411,  36.1837544,    -3.94,   302.00,   620.00
-75.7485143,  36.1837881,    -4.07,   314.00,   620.00
-75.7483876,  36.1838218,    -4.16,   326.00,   620.00
-75.7482608,  36.1838554,    -4.25,   338.00,   620.00
-75.7481340,  36.1838891,    -4.35,   350.00,   620.00
-75.7480073,  36.1839228,    -4.44,   362.00,   620.00
-75.7478805,  36.1839565,    -4.53,   374.00,   620.00
-75.7477537,  36.1839901,    -4.62,   386.00,   620.00
-75.7476269,  36.1840238,    -4.71,   398.00,   620.00
-75.7475002,  36.1840575,    -4.76,   410.00,   620.00
-75.7473734,  36.1840911,    -4.78,   422.00,   620.00
-75.7472466,  36.1841248,    -4.78,   434.00,   620.00
-75.7471199,  36.1841585,    -4.80,   446.00,   620.00
-75.7511328,  36.1833203,     2.13,    74.00,   644.00
-75.7510060,  36.1833540,     1.94,    86.00,   644.00
-75.7508792,  36.1833876,     1.09,    98.00,   644.00
-75.7507525,  36.1834213,     0.01,   110.00,   644.00
-75.7506257,  36.1834550,    -0.80,   122.00,   644.00
-75.7504989,  36.1834886,    -1.12,   134.00,   644.00
-75.7503722,  36.1835223,    -1.28,   146.00,   644.00
-75.7502454,  36.1835560,    -1.55,   158.00,   644.00
-75.7501186,  36.1835896,    -1.82,   170.00,   644.00
-75.7499919,  36.1836233,    -1.94,   182.00,   644.00
-75.7498651,  36.1836570,    -2.40,   194.00,   644.00
-75.7497383,  36.1836906,    -2.69,   206.00,   644.00
-75.7496115,  36.1837243,    -2.82,   218.00,   644.00
-75.7494848,  36.1837580,    -2.43,   230.00,   644.00
-75.7493580,  36.1837916,    -2.38,   242.00,   644.00
-75.7492312,  36.1838253,    -2.76,   254.00,   644.00
-75.7491045,  36.1838590,    -3.19,   266.00,   644.00
-75.7489777,  36.1838926,    -3.57,   278.00,   644.00
-75.7488509,  36.1839263,    -3.83,   290.00,   644.00
-75.7487242,  36.1839600,    -3.99,   302.00,   644.00
-75.7485974,  36.1839937,    -4.11,   314.00,   644.00
-75.7484706,  36.1840273,    -4.20,   326.00,   644.00
-75.7483439,  36.1840610,    -4.28,   338.00,   644.00
-75.7482171,  36.1840947,    -4.36,   350.00,   644.00
-75.7480903,  36.1841283,    -4.45,   362.00,   644.00
-75.7479635,  36.1841620,    -4.53,   374.00,   644.00
-75.7478368,  36.1841957,    -4.61,   386.00,   644.00
-75.7477100,  36.1842293,    -4.70,   398.00,   644.00
-75.7475832,  36.1842630,    -4.77,   410.00,   644.00
-75.7474565,  36.1842967,    -4.79,   422.00,   644.00
-75.7473297,  36.1843303,    -4.79,   434.00,   644.00
-75.7472029,  36.1843640,    -4.79,   446.00,   644.00
-75.7512158,  36.1835258,     1.95,    74.00,   668.00
-75.7510891,  36.1835595,     1.88,    86.00,   668.00
-75.7509623,  36.1835932,     0.82,    98.00,   668.00
-75.7508355,  36.1836268,    -0.32,   110.00,   668.00
-75.7507088,  36.1836605,    -1.00,   122.00,   668.00
-75.7505820,  36.1836942,    -1.27,   134.00,   668.00
-75.7504552,  36.1837278,    -1.53,   146.00,   668.00
-75.7503285,  36.1837615,    -1.51,   158.00,   668.00
-75.7502017,  36.1837952,    -1.84,   170.00,   668.00
-75.7500749,  36.1838288,    -2.62,   182.00,   668.00
-75.7499481,  36.1838625,    -2.81,   194.00,   668.00
-75.7498214,  36.1838962,    -2.77,   206.00,   668.00
-75.7496946,  36.1839298,    -2.37,   218.00,   668.00
-75.7495678,  36.1839635,    -2.05,   230.00,   668.00
-75.7494411,  36.1839972,    -2.43,   242.00,   668.00
-75.7493143,  36.1840309,    -2.91,   254.00,   668.00
-75.7491875,  36.1840645,    -3.33,   266.00,   668.00
-75.7490608,  36.1840982,    -3.67,   278.00,   668.00
-75.7489340,  36.1841319,    -3.88,   290.00,   668.00
-75.7488072,  36.1841655,    -4.03,   302.00,   668.00
-75.7486804,  36.1841992,    -4.13,   314.00,   668.00
-75.7485537,  36.1842329,    -4.22,   326.00,   668.00
-75.7484269,  36.1842665,    -4.30,   338.00,   668.00
-75.7483001,  36.1843002,    -4.37,   350.00,   668.00
-75.7481734,  36.1843339,    -4.45,   362.00,   668.00
-75.7480466,  36.1843675,    -4.53,   374.00,   668.00
-75.7479198,  36.1844012,    -4.61,   386.00,   668.00
-75.7477931,  36.1844349,    -4.70,   398.00,   668.00
-75.7476663,  36.1844685,    -4.75,   410.00,   668.00
-75.7475395,  36.1845022,    -4.77,   422.00,   668.00
-75.7474128,  36.1845359,    -4.79,   434.00,   668.00
-75.7472860,  36.1845695,    -4.78,   446.00,   668.00
-75.7512989,  36.1837314,     2.11,    74.00,   692.00
-75.7511721,  36.1837650,     1.90,    86.00,   692.00
-75.7510454,  36.1837987,     0.66,    98.00,   692.00
-75.7509186,  36.1838324,    -0.54,   110.00,   692.00
-75.7507918,  36.1838660,    -1.03,   122.00,   692.00
-75.7506651,  36.1838997,    -1.52,   134.00,   692.00
-75.7505383,  36.1839334,    -1.48,   146.00,   692.00
-75.7504115,  36.1839670,    -1.95,   158.00,   692.00
-75.7502847,  36.1840007,    -2.13,   170.00,   692.00
-75.7501580,  36.1840344,    -2.25,   182.00,   692.00
-75.7500312,  36.1840681,    -2.64,   194.00,   692.00
-75.7499044,  36.1841017,    -2.50,   206.00,   692.00
-75.7497777,  36.1841354,    -2.12,   218.00,   692.00
-75.7496509,  36.1841691,    -2.00,   230.00,   692.00
-75.7495241,  36.1842027,    -2.48,   242.00,   692.00
-75.7493974,  36.1842364,    -3.00,   254.00,   692.00
-75.7492706,  36.1842701,    -3.43,   266.00,   692.00
-75.7491438,  36.1843037,    -3.73,   278.00,   692.00
-75.7490170,  36.1843374,    -3.93,   290.00,   692.00
-75.7488903,  36.1843711,    -4.07,   302.00,   692.00
-75.7487635,  36.1844047,    -4.17,   314.00,   692.00
-75.7486367,  36.1844384,    -4.26,   326.00,   692.00
-75.7485100,  36.1844721,    -4.33,   338.00,   692.00
-75.7483832,  36.1845057,    -4.41,   350.00,   692.00
-75.7482564,  36.1845394,    -4.48,   362.00,   692.00
-75.7481297,  36.1845731,    -4.55,   374.00,   692.00
-75.7480029,  36.1846067,    -4.62,   386.00,   692.00
-75.7478761,  36.1846404,    -4.69,   398.00,   692.00
-75.7477494,  36.1846741,    -4.74,   410.00,   692.00
-75.7476226,  36.1847077,    -4.76,   422.00,   692.00
-75.7474958,  36.1847414,    -4.77,   434.00,   692.00
-75.7473690,  36.1847751,    -4.76,   446.00,   692.00
-75.7513820,  36.1839369,     2.14,    74.00,   716.00
-75.7512552,  36.1839706,     1.84,    86.00,   716.00
-75.7511284,  36.1840042,     0.56,    98.00,   716.00
-75.7510016,  36.1840379,    -0.51,   110.00,   716.00
-75.7508749,  36.1840716,    -1.09,   122.00,   716.00
-75.7507481,  36.1841053,    -1.46,   134.00,   716.00
-75.7506213,  36.1841389,    -1.79,   146.00,   716.00
-75.7504946,  36.1841726,    -2.22,   158.00,   716.00
-75.7503678,  36.1842063,    -2.32,   170.00,   716.00
-75.7502410,  36.1842399,    -2.31,   182.00,   716.00
-75.7501143,  36.1842736,    -2.31,   194.00,   716.00
-75.7499875,  36.1843073,    -2.40,   206.00,   716.00
-75.7498607,  36.1843409,    -2.14,   218.00,   716.00
-75.7497340,  36.1843746,    -2.04,   230.00,   716.00
-75.7496072,  36.1844083,    -2.51,   242.00,   716.00
-75.7494804,  36.1844419,    -3.06,   254.00,   716.00
-75.7493536,  36.1844756,    -3.47,   266.00,   716.00
-75.7492269,  36.1845093,    -3.76,   278.00,   716.00
-75.7491001,  36.1845429,    -3.95,   290.00,   716.00
-75.7489733,  36.1845766,    -4.08,   302.00,   716.00
-75.7488466,  36.1846103,    -4.18,   314.00,   716.00
-75.7487198,  36.1846439,    -4.26,   326.00,   716.00
-75.7485930,  36.1846776,    -4.34,   338.00,   716.00
-75.7484663,  36.1847113,    -4.41,   350.00,   716.00
-75.7483395,  36.1847449,    -4.47,   362.00,   716.00
-75.7482127,  36.1847786,    -4.54,   374.00,   716.00
-75.7480860,  36.1848123,    -4.61,   386.00,   716.00
-75.7479592,  36.1848460,    -4.69,   398.00,   716.00
-75.7478324,  36.1848796,    -4.74,   410.00,   716.00
-75.7477056,  36.1849133,    -4.75,   422.00,   716.00
-75.7475789,  36.1849470,    -4.77,   434.00,   716.00
-75.7474521,  36.1849806,    -4.76,   446.00,   716.00
-75.7514650,  36.1841425,     2.19,    74.00,   740.00
-75.7513382,  36.1841761,     1.72,    86.00,   740.00
-75.7512115,  36.1842098,     0.54,    98.00,   740.00
-75.7510847,  36.1842435,    -0.55,   110.00,   740.00
-75.7509579,  36.1842771,    -1.11,   122.00,   740.00
-75.7508312,  36.1843108,    -1.54,   134.00,   740.00
-75.7507044,  36.1843445,    -2.00,   146.00,   740.00
-75.7505776,  36.1843781,    -2.22,   158.00,   740.00
-75.7504509,  36.1844118,    -2.39,   170.00,   740.00
-75.7503241,  36.1844455,    -2.30,   182.00,   740.00
-75.7501973,  36.1844791,    -2.27,   194.00,   740.00
-75.7500706,  36.1845128,    -2.38,   206.00,   740.00
-75.7499438,  36.1845465,    -2.22,   218.00,   740.00
-75.7498170,  36.1845801,    -2.11,   230.00,   740.00
-75.7496902,  36.1846138,    -2.56,   242.00,   740.00
-75.7495635,  36.1846475,    -3.13,   254.00,   740.00
-75.7494367,  36.1846811,    -3.52,   266.00,   740.00
-75.7493099,  36.1847148,    -3.78,   278.00,   740.00
-75.7491832,  36.1847485,    -3.95,   290.00,   740.00
-75.7490564,  36.1847821,    -4.07,   302.00,   740.00
-75.7489296,  36.1848158,    -4.16,   314.00,   740.00
-75.7488029,  36.1848495,    -4.24,   326.00,   740.00
-75.7486761,  36.1848832,    -4.32,   338.00,   740.00
-75.7485493,  36.1849168,    -4.39,   350.00,   740.00
-75.7484226,  36.1849505,    -4.45,   362.00,   740.00
-75.7482958,  36.1849842,    -4.52,   374.00,   740.00
-75.7481690,  36.1850178,    -4.59,   386.00,   740.00
-75.7480422,  36.1850515,    -4.65,   398.00,   740.00
-75.7479155,  36.1850852,    -4.71,   410.00,   740.00
-75.7477887,  36.1851188,    -4.74,   422.00,   740.00
-75.7476619,  36.1851525,    -4.75,   434.00,   740.00
-75.7475352,  36.1851862,    -4.76,   446.00,   740.00
-75.7515481,  36.1843480,     2.11,    74.00,   764.00
-75.7514213,  36.1843817,     1.84,    86.00,   764.00
-75.7512945,  36.1844153,     0.88,    98.00,   764.00
-75.7511678,  36.1844490,    -0.41,   110.00,   764.00
-75.7510410,  36.1844827,    -1.03,   122.00,   764.00
-75.7509142,  36.1845163,    -1.62,   134.00,   764.00
-75.7507875,  36.1845500,    -2.05,   146.00,   764.00
-75.7506607,  36.1845837,    -2.24,   158.00,   764.00
-75.7505339,  36.1846173,    -2.27,   170.00,   764.00
-75.7504072,  36.1846510,    -2.28,   182.00,   764.00
-75.7502804,  36.1846847,    -2.20,   194.00,   764.00
-75.7501536,  36.1847183,    -1.96,   206.00,   764.00
-75.7500268,  36.1847520,    -1.95,   218.00,   764.00
-75.7499001,  36.1847857,    -2.15,   230.00,   764.00
-75.7497733,  36.1848193,    -2.74,   242.00,   764.00
-75.7496465,  36.1848530,    -3.22,   254.00,   764.00
-75.7495198,  36.1848867,    -3.57,   266.00,   764.00
-75.7493930,  36.1849204,    -3.81,   278.00,   764.00
-75.7492662,  36.1849540,    -3.96,   290.00,   764.00
-75.7491395,  36.1849877,    -4.07,   302.00,   764.00
-75.7490127,  36.1850214,    -4.15,   314.00,   764.00
-75.7488859,  36.1850550,    -4.23,   326.00,   764.00
-75.7487592,  36.1850887,    -4.29,   338.00,   764.00
-75.7486324,  36.1851224,    -4.36,   350.00,   764.00
-75.7485056,  36.1851560,    -4.43,   362.00,   764.00
-75.7483788,  36.1851897,    -4.49,   374.00,   764.00
-75.7482521,  36.1852234,    -4.56,   386.00,   764.00
-75.7481253,  36.1852570,    -4.64,   398.00,   764.00
-75.7479985,  36.1852907,    -4.71,   410.00,   764.00
-75.7478718,  36.1853244,    -4.75,   422.00,   764.00
-75.7477450,  36.1853580,    -4.76,   434.00,   764.00
-75.7476182,  36.1853917,    -4.75,   446.00,   764.00
-75.7516311,  36.1845535,     2.15,    74.00,   788.00
-75.7515044,  36.1845872,     1.95,    86.00,   788.00
-75.7513776,  36.1846209,     1.15,    98.00,   788.00
-75.7512508,  36.1846545,     0.08,   110.00,   788.00
-75.7511241,  36.1846882,    -0.88,   122.00,   788.00
-75.7509973,  36.1847219,    -1.47,   134.00,   788.00
-75.7508705,  36.1847555,    -1.93,   146.00,   788.00
-75.7507438,  36.1847892,    -2.19,   158.00,   788.00
-75.7506170,  36.1848229,    -2.30,   170.00,   788.00
-75.7504902,  36.1848565,    -2.18,   182.00,   788.00
-75.7503634,  36.1848902,    -1.94,   194.00,   788.00
-75.7502367,  36.1849239,    -1.86,   206.00,   788.00
-75.7501099,  36.1849576,    -2.03,   218.00,   788.00
-75.7499831,  36.1849912,    -2.43,   230.00,   788.00
-75.7498564,  36.1850249,    -2.89,   242.00,   788.00
-75.7497296,  36.1850586,    -3.29,   254.00,   788.00
-75.7496028,  36.1850922,    -3.59,   266.00,   788.00
-75.7494761,  36.1851259,    -3.81,   278.00,   788.00
-75.7493493,  36.1851596,    -3.96,   290.00,   788.00
-75.7492225,  36.1851932,    -4.06,   302.00,   788.00
-75.7490958,  36.1852269,    -4.14,   314.00,   788.00
-75.7489690,  36.1852606,    -4.21,   326.00,   788.00
-75.7488422,  36.1852942,    -4.28,   338.00,   788.00
-75.7487154,  36.1853279,    -4.34,   350.00,   788.00
-75.7485887,  36.1853616,    -4.40,   362.00,   788.00
-75.7484619,  36.1853952,    -4.47,   374.00,   788.00
-75.7483351,  36.1854289,    -4.53,   386.00,   788.00
-75.7482084,  36.1854626,    -4.61,   398.00,   788.00
-75.7480816,  36.1854962,    -4.69,   410.00,   788.00
-75.7479548,  36.1855299,    -4.74,   422.00,   788.00
-75.7478281,  36.1855636,    -4.76,   434.00,   788.00
-75.7477013,  36.1855972,    -4.77,   446.00,   788.00
-75.7517142,  36.1847591,     2.26,    74.00,   812.00
-75.7515874,  36.1847927,     2.04,    86.00,   812.00
-75.7514607,  36.1848264,     1.34,    98.00,   812.00
-75.7513339,  36.1848601,     0.16,   110.00,   812.00
-75.7512071,  36.1848937,    -0.77,   122.00,   812.00
-75.7510804,  36.1849274,    -1.43,   134.00,   812.00
-75.7509536,  36.1849611,    -2.01,   146.00,   812.00
-75.7508268,  36.1849948,    -2.31,   158.00,   812.00
-75.7507000,  36.1850284,    -2.39,   170.00,   812.00
-75.7505733,  36.1850621,    -2.23,   182.00,   812.00
-75.7504465,  36.1850958,    -1.58,   194.00,   812.00
-75.7503197,  36.1851294,    -1.67,   206.00,   812.00
-75.7501930,  36.1851631,    -2.11,   218.00,   812.00
-75.7500662,  36.1851968,    -2.64,   230.00,   812.00
-75.7499394,  36.1852304,    -3.09,   242.00,   812.00
-75.7498127,  36.1852641,    -3.37,   254.00,   812.00
-75.7496859,  36.1852978,    -3.65,   266.00,   812.00
-75.7495591,  36.1853314,    -3.84,   278.00,   812.00
-75.7494324,  36.1853651,    -3.97,   290.00,   812.00
-75.7493056,  36.1853988,    -4.07,   302.00,   812.00
-75.7491788,  36.1854324,    -4.12,   314.00,   812.00
-75.7490520,  36.1854661,    -4.19,   326.00,   812.00
-75.7489253,  36.1854998,    -4.25,   338.00,   812.00
-75.7487985,  36.1855334,    -4.31,   350.00,   812.00
-75.7486717,  36.1855671,    -4.37,   362.00,   812.00
-75.7485450,  36.1856008,    -4.44,   374.00,   812.00
-75.7484182,  36.1856344,    -4.51,   386.00,   812.00
-75.7482914,  36.1856681,    -4.58,   398.00,   812.00
-75.7481647,  36.1857018,    -4.66,   410.00,   812.00
-75.7480379,  36.1857355,    -4.74,   422.00,   812.00
-75.7479111,  36.1857691,    -4.75,   434.00,   812.00
-75.7477844,  36.1858028,    -4.75,   446.00,   812.00
-75.7517973,  36.1849646,     2.09,    74.00,   836.00
-75.7516705,  36.1849983,     1.97,    86.00,   836.00
-75.7515437,  36.1850320,     1.37,    98.00,   836.00
-75.7514170,  36.1850656,     0.33,   110.00,   836.00
-75.7512902,  36.1850993,    -0.69,   122.00,   836.00
-75.7511634,  36.1851330,    -1.41,   134.00,   836.00
-75.7510366,  36.1851666,    -2.00,   146.00,   836.00
-75.7509099,  36.1852003,    -2.31,   158.00,   836.00
-75.7507831,  36.1852340,    -2.26,   170.00,   836.00
-75.7506563,  36.1852676,    -2.22,   182.00,   836.00
-75.7505296,  36.1853013,    -2.00,   194.00,   836.00
-75.7504028,  36.1853350,    -1.81,   206.00,   836.00
-75.7502760,  36.1853686,    -2.14,   218.00,   836.00
-75.7501493,  36.1854023,    -2.67,   230.00,   836.00
-75.7500225,  36.1854360,    -3.08,   242.00,   836.00
-75.7498957,  36.1854696,    -3.40,   254.00,   836.00
-75.7497690,  36.1855033,    -3.65,   266.00,   836.00
-75.7496422,  36.1855370,    -3.85,   278.00,   836.00
-75.7495154,  36.1855706,    -3.98,   290.00,   836.00
-75.7493886,  36.1856043,    -4.07,   302.00,   836.00
-75.7492619,  36.1856380,    -4.13,   314.00,   836.00
-75.7491351,  36.1856716,    -4.19,   326.00,   836.00
-75.7490083,  36.1857053,    -4.26,   338.00,   836.00
-75.7488816,  36.1857390,    -4.31,   350.00,   836.00
-75.7487548,  36.1857727,    -4.37,   362.00,   836.00
-75.7486280,  36.1858063,    -4.43,   374.00,   836.00
-75.7485013,  36.1858400,    -4.50,   386.00,   836.00
-75.7483745,  36.1858737,    -4.58,   398.00,   836.00
-75.7482477,  36.1859073,    -4.67,   410.00,   836.00
-75.7481210,  36.1859410,    -4.72,   422.00,   836.00
-75.7479942,  36.1859747,    -4.75,   434.00,   836.00
-75.7478674,  36.1860083,    -4.77,   446.00,   836.00
-75.7518803,  36.1851702,     2.08,    74.00,   860.00
-75.7517536,  36.1852038,     1.98,    86.00,   860.00
-75.7516268,  36.1852375,     1.38,    98.00,   860.00
-75.7515000,  36.1852712,     0.41,   110.00,   860.00
-75.7513732,  36.1853048,    -0.59,   122.00,   860.00
-75.7512465,  36.1853385,    -1.30,   134.00,   860.00
-75.7511197,  36.1853722,    -1.81,   146.00,   860.00
-75.7509929,  36.1854058,    -2.07,   158.00,   860.00
-75.7508662,  36.1854395,    -2.12,   170.00,   860.00
-75.7507394,  36.1854732,    -2.04,   182.00,   860.00
-75.7506126,  36.1855068,    -1.90,   194.00,   860.00
-75.7504859,  36.1855405,    -1.81,   206.00,   860.00
-75.7503591,  36.1855742,    -2.15,   218.00,   860.00
-75.7502323,  36.1856078,    -2.69,   230.00,   860.00
-75.7501056,  36.1856415,    -3.10,   242.00,   860.00
-75.7499788,  36.1856752,    -3.42,   254.00,   860.00
-75.7498520,  36.1857088,    -3.67,   266.00,   860.00
-75.7497252,  36.1857425,    -3.85,   278.00,   860.00
-75.7495985,  36.1857762,    -3.97,   290.00,   860.00
-75.7494717,  36.1858099,    -4.05,   302.00,   860.00
-75.7493449,  36.1858435,    -4.12,   314.00,   860.00
-75.7492182,  36.1858772,    -4.19,   326.00,   860.00
-75.7490914,  36.1859109,    -4.25,   338.00,   860.00
-75.7489646,  36.1859445,    -4.30,   350.00,   860.00
-75.7488379,  36.1859782,    -4.36,   362.00,   860.00
-75.7487111,  36.1860119,    -4.42,   374.00,   860.00
-75.7485843,  36.1860455,    -4.49,   386.00,   860.00
-75.7484576,  36.1860792,    -4.57,   398.00,   860.00
-75.7483308,  36.1861129,    -4.64,   410.00,   860.00
-75.7482040,  36.1861465,    -4.73,   422.00,   860.00
-75.7480772,  36.1861802,    -4.79,   434.00,   860.00
-75.7479505,  36.1862139,    -4.81,   446.00,   860.00
-75.7519634,  36.1853757,     2.13,    74.00,   884.00
-75.7518366,  36.1854094,     1.95,    86.00,   884.00
-75.7517098,  36.1854430,     1.38,    98.00,   884.00
-75.7515831,  36.1854767,     0.50,   110.00,   884.00
-75.7514563,  36.1855104,    -0.41,   122.00,   884.00
-75.7513295,  36.1855440,    -1.15,   134.00,   884.00
-75.7512028,  36.1855777,    -1.68,   146.00,   884.00
-75.7510760,  36.1856114,    -1.93,   158.00,   884.00
-75.7509492,  36.1856450,    -1.90,   170.00,   884.00
-75.7508225,  36.1856787,    -1.82,   182.00,   884.00
-75.7506957,  36.1857124,    -1.71,   194.00,   884.00
-75.7505689,  36.1857460,    -1.86,   206.00,   884.00
-75.7504422,  36.1857797,    -2.26,   218.00,   884.00
-75.7503154,  36.1858134,    -2.72,   230.00,   884.00
-75.7501886,  36.1858471,    -3.11,   242.00,   884.00
-75.7500618,  36.1858807,    -3.41,   254.00,   884.00
-75.7499351,  36.1859144,    -3.65,   266.00,   884.00
-75.7498083,  36.1859481,    -3.83,   278.00,   884.00
-75.7496815,  36.1859817,    -3.96,   290.00,   884.00
-75.7495548,  36.1860154,    -4.04,   302.00,   884.00
-75.7494280,  36.1860491,    -4.11,   314.00,   884.00
-75.7493012,  36.1860827,    -4.18,   326.00,   884.00
-75.7491745,  36.1861164,    -4.24,   338.00,   884.00
-75.7490477,  36.1861501,    -4.30,   350.00,   884.00
-75.7489209,  36.1861837,    -4.35,   362.00,   884.00
-75.7487941,  36.1862174,    -4.41,   374.00,   884.00
-75.7486674,  36.1862511,    -4.47,   386.00,   884.00
-75.7485406,  36.1862847,    -4.54,   398.00,   884.00
-75.7484138,  36.1863184,    -4.65,   410.00,   884.00
-75.7482871,  36.1863521,    -4.74,   422.00,   884.00
-75.7481603,  36.1863857,    -4.80,   434.00,   884.00
-75.7480335,  36.1864194,    -4.80,   446.00,   884.00
-75.7520464,  36.1855812,     2.31,    74.00,   908.00
-75.7519197,  36.1856149,     2.31,    86.00,   908.00
-75.7517929,  36.1856486,     1.73,    98.00,   908.00
-75.7516661,  36.1856822,     0.66,   110.00,   908.00
-75.7515394,  36.1857159,    -0.26,   122.00,   908.00
-75.7514126,  36.1857496,    -1.02,   134.00,   908.00
-75.7512858,  36.1857832,    -1.81,   146.00,   908.00
-75.7511591,  36.1858169,    -2.14,   158.00,   908.00
-75.7510323,  36.1858506,    -1.83,   170.00,   908.00
-75.7509055,  36.1858843,    -1.29,   182.00,   908.00
-75.7507787,  36.1859179,    -1.54,   194.00,   908.00
-75.7506520,  36.1859516,    -1.92,   206.00,   908.00
-75.7505252,  36.1859853,    -2.37,   218.00,   908.00
-75.7503984,  36.1860189,    -2.77,   230.00,   908.00
-75.7502717,  36.1860526,    -3.14,   242.00,   908.00
-75.7501449,  36.1860863,    -3.45,   254.00,   908.00
-75.7500181,  36.1861199,    -3.68,   266.00,   908.00
-75.7498914,  36.1861536,    -3.83,   278.00,   908.00
-75.7497646,  36.1861873,    -3.95,   290.00,   908.00
-75.7496378,  36.1862209,    -4.03,   302.00,   908.00
-75.7495111,  36.1862546,    -4.10,   314.00,   908.00
-75.7493843,  36.1862883,    -4.17,   326.00,   908.00
-75.7492575,  36.1863219,    -4.23,   338.00,   908.00
-75.7491307,  36.1863556,    -4.28,   350.00,   908.00
-75.7490040,  36.1863893,    -4.35,   362.00,   908.00
-75.7488772,  36.1864229,    -4.40,   374.00,   908.00
-75.7487504,  36.1864566,    -4.48,   386.00,   908.00
-75.7486237,  36.1864903,    -4.55,   398.00,   908.00
-75.7484969,  36.1865239,    -4.64,   410.00,   908.00
-75.7483701,  36.1865576,    -4.72,   422.00,   908.00
-75.7482434,  36.1865913,    -4.77,   434.00,   908.00
-75.7481166,  36.1866249,    -4.77,   446.00,   908.00
-75.7521295,  36.1857868,     2.48,    74.00,   932.00
-75.7520027,  36.1858204,     2.23,    86.00,   932.00
-75.7518760,  36.1858541,     1.60,    98.00,   932.00
-75.7517492,  36.1858878,     0.73,   110.00,   932.00
-75.7516224,  36.1859215,    -0.22,   122.00,   932.00
-75.7514957,  36.1859551,    -1.10,   134.00,   932.00
-75.7513689,  36.1859888,    -1.75,   146.00,   932.00
-75.7512421,  36.1860225,    -1.78,   158.00,   932.00
-75.7511153,  36.1860561,    -1.22,   170.00,   932.00
-75.7509886,  36.1860898,    -1.34,   182.00,   932.00
-75.7508618,  36.1861235,    -1.66,   194.00,   932.00
-75.7507350,  36.1861571,    -1.99,   206.00,   932.00
-75.7506083,  36.1861908,    -2.38,   218.00,   932.00
-75.7504815,  36.1862245,    -2.77,   230.00,   932.00
-75.7503547,  36.1862581,    -3.13,   242.00,   932.00
-75.7502280,  36.1862918,    -3.44,   254.00,   932.00
-75.7501012,  36.1863255,    -3.66,   266.00,   932.00
-75.7499744,  36.1863591,    -3.82,   278.00,   932.00
-75.7498477,  36.1863928,    -3.94,   290.00,   932.00
-75.7497209,  36.1864265,    -4.02,   302.00,   932.00
-75.7495941,  36.1864601,    -4.09,   314.00,   932.00
-75.7494673,  36.1864938,    -4.15,   326.00,   932.00
-75.7493406,  36.1865275,    -4.20,   338.00,   932.00
-75.7492138,  36.1865611,    -4.27,   350.00,   932.00
-75.7490870,  36.1865948,    -4.33,   362.00,   932.00
-75.7489603,  36.1866285,    -4.40,   374.00,   932.00
-75.7488335,  36.1866621,    -4.48,   386.00,   932.00
-75.7487067,  36.1866958,    -4.55,   398.00,   932.00
-75.7485800,  36.1867295,    -4.64,   410.00,   932.00
-75.7484532,  36.1867632,    -4.72,   422.00,   932.00
-75.7483264,  36.1867968,    -4.77,   434.00,   932.00
-75.7481997,  36.1868305,    -4.81,   446.00,   932.00
-75.7522126,  36.1859923,     2.60,    74.00,   956.00
-75.7520858,  36.1860260,     2.54,    86.00,   956.00
-75.7519590,  36.1860597,     1.97,    98.00,   956.00
-75.7518323,  36.1860933,     0.79,   110.00,   956.00
-75.7517055,  36.1861270,    -0.31,   122.00,   956.00
-75.7515787,  36.1861607,    -1.38,   134.00,   956.00
-75.7514519,  36.1861943,    -1.73,   146.00,   956.00
-75.7513252,  36.1862280,    -1.69,   158.00,   956.00
-75.7511984,  36.1862617,    -1.38,   170.00,   956.00
-75.7510716,  36.1862953,    -1.41,   182.00,   956.00
-75.7509449,  36.1863290,    -1.65,   194.00,   956.00
-75.7508181,  36.1863627,    -1.97,   206.00,   956.00
-75.7506913,  36.1863963,    -2.38,   218.00,   956.00
-75.7505646,  36.1864300,    -2.78,   230.00,   956.00
-75.7504378,  36.1864637,    -3.15,   242.00,   956.00
-75.7503110,  36.1864973,    -3.44,   254.00,   956.00
-75.7501843,  36.1865310,    -3.66,   266.00,   956.00
-75.7500575,  36.1865647,    -3.81,   278.00,   956.00
-75.7499307,  36.1865983,    -3.92,   290.00,   956.00
-75.7498039,  36.1866320,    -4.00,   302.00,   956.00
-75.7496772,  36.1866657,    -4.07,   314.00,   956.00
-75.7495504,  36.1866993,    -4.13,   326.00,   956.00
-75.7494236,  36.1867330,    -4.19,   338.00,   956.00
-75.7492969,  36.1867667,    -4.25,   350.00,   956.00
-75.7491701,  36.1868004,    -4.32,   362.00,   956.00
-75.7490433,  36.1868340,    -4.38,   374.00,   956.00
-75.7489166,  36.1868677,    -4.46,   386.00,   956.00
-75.7487898,  36.1869014,    -4.55,   398.00,   956.00
-75.7486630,  36.1869350,    -4.63,   410.00,   956.00
-75.7485363,  36.1869687,    -4.72,   422.00,   956.00
-75.7484095,  36.1870024,    -4.81,   434.00,   956.00
-75.7482827,  36.1870360,    -4.85,   446.00,   956.00
-75.7522956,  36.1861979,     2.51,    74.00,   980.00
-75.7521689,  36.1862315,     2.43,    86.00,   980.00
-75.7520421,  36.1862652,     1.98,    98.00,   980.00
-75.7519153,  36.1862989,     0.95,   110.00,   980.00
-75.7517885,  36.1863325,    -0.35,   122.00,   980.00
-75.7516618,  36.1863662,    -1.29,   134.00,   980.00
-75.7515350,  36.1863999,    -1.69,   146.00,   980.00
-75.7514082,  36.1864335,    -1.76,   158.00,   980.00
-75.7512815,  36.1864672,    -1.69,   170.00,   980.00
-75.7511547,  36.1865009,    -1.59,   182.00,   980.00
-75.7510279,  36.1865345,    -1.68,   194.00,   980.00
-75.7509012,  36.1865682,    -1.94,   206.00,   980.00
-75.7507744,  36.1866019,    -2.32,   218.00,   980.00
-75.7506476,  36.1866355,    -2.75,   230.00,   980.00
-75.7505209,  36.1866692,    -3.14,   242.00,   980.00
-75.7503941,  36.1867029,    -3.44,   254.00,   980.00
-75.7502673,  36.1867365,    -3.65,   266.00,   980.00
-75.7501405,  36.1867702,    -3.80,   278.00,   980.00
-75.7500138,  36.1868039,    -3.89,   290.00,   980.00
-75.7498870,  36.1868376,    -3.97,   302.00,   980.00
-75.7497602,  36.1868712,    -4.04,   314.00,   980.00
-75.7496335,  36.1869049,    -4.11,   326.00,   980.00
-75.7495067,  36.1869386,    -4.17,   338.00,   980.00
-75.7493799,  36.1869722,    -4.23,   350.00,   980.00
-75.7492532,  36.1870059,    -4.30,   362.00,   980.00
-75.7491264,  36.1870396,    -4.37,   374.00,   980.00
-75.7489996,  36.1870732,    -4.45,   386.00,   980.00
-75.7488729,  36.1871069,    -4.54,   398.00,   980.00
-75.7487461,  36.1871406,    -4.62,   410.00,   980.00
-75.7486193,  36.1871742,    -4.70,   422.00,   980.00
-75.7484925,  36.1872079,    -4.76,   434.00,   980.00
-75.7483658,  36.1872416,    -4.79,   446.00,   980.00
-75.7523787,  36.1864034,     2.35,    74.00,  1004.00
-75.7522519,  36.1864371,     2.22,    86.00,  1004.00
-75.7521251,  36.1864707,     1.87,    98.00,  1004.00
-75.7519984,  36.1865044,     0.99,   110.00,  1004.00
-75.7518716,  36.1865381,    -0.23,   122.00,  1004.00
-75.7517448,  36.1865717,    -1.15,   134.00,  1004.00
-75.7516181,  36.1866054,    -1.68,   146.00,  1004.00
-75.7514913,  36.1866391,    -1.73,   158.00,  1004.00
-75.7513645,  36.1866727,    -1.58,   170.00,  1004.00
-75.7512378,  36.1867064,    -1.70,   182.00,  1004.00
-75.7511110,  36.1867401,    -1.88,   194.00,  1004.00
-75.7509842,  36.1867737,    -1.81,   206.00,  1004.00
-75.7508575,  36.1868074,    -2.22,   218.00,  1004.00
-75.7507307,  36.1868411,    -2.75,   230.00,  1004.00
-75.7506039,  36.1868748,    -3.16,   242.00,  1004.00
-75.7504771,  36.1869084,    -3.45,   254.00,  1004.00
-75.7503504,  36.1869421,    -3.64,   266.00,  1004.00
-75.7502236,  36.1869758,    -3.77,   278.00,  1004.00
-75.7500968,  36.1870094,    -3.86,   290.00,  1004.00
-75.7499701,  36.1870431,    -3.94,   302.00,  1004.00
-75.7498433,  36.1870768,    -4.01,   314.00,  1004.00
-75.7497165,  36.1871104,    -4.07,   326.00,  1004.00
-75.7495898,  36.1871441,    -4.14,   338.00,  1004.00
-75.7494630,  36.1871778,    -4.21,   350.00,  1004.00
-75.7493362,  36.1872114,    -4.28,   362.00,  1004.00
-75.7492095,  36.1872451,    -4.36,   374.00,  1004.00
-75.7490827,  36.1872788,    -4.44,   386.00,  1004.00
-75.7489559,  36.1873124,    -4.52,   398.00,  1004.00
-75.7488291,  36.1873461,    -4.61,   410.00,  1004.00
-75.7487024,  36.1873798,    -4.69,   422.00,  1004.00
-75.7485756,  36.1874134,    -4.73,   434.00,  1004.00
-75.7484488,  36.1874471,    -4.73,   446.00,  1004.00
-75.7524617,  36.1866089,     1.99,    74.00,  1028.00
-75.7523350,  36.1866426,     1.97,    86.00,  1028.00
-75.7522082,  36.1866763,     1.79,    98.00,  1028.00
-75.7520814,  36.1867099,     1.02,   110.00,  1028.00
-75.7519547,  36.1867436,     0.02,   122.00,  1028.00
-75.7518279,  36.1867773,    -0.95,   134.00,  1028.00
-75.7517011,  36.1868109,    -1.59,   146.00,  1028.00
-75.7515744,  36.1868446,    -1.75,   158.00,  1028.00
-75.7514476,  36.1868783,    -1.66,   170.00,  1028.00
-75.7513208,  36.1869120,    -1.74,   182.00,  1028.00
-75.7511941,  36.1869456,    -1.81,   194.00,  1028.00
-75.7510673,  36.1869793,    -1.98,   206.00,  1028.00
-75.7509405,  36.1870130,    -2.23,   218.00,  1028.00
-75.7508137,  36.1870466,    -2.72,   230.00,  1028.00
-75.7506870,  36.1870803,    -3.14,   242.00,  1028.00
-75.7505602,  36.1871140,    -3.43,   254.00,  1028.00
-75.7504334,  36.1871476,    -3.64,   266.00,  1028.00
-75.7503067,  36.1871813,    -3.77,   278.00,  1028.00
-75.7501799,  36.1872150,    -3.86,   290.00,  1028.00
-75.7500531,  36.1872486,    -3.94,   302.00,  1028.00
-75.7499264,  36.1872823,    -4.00,   314.00,  1028.00
-75.7497996,  36.1873160,    -4.07,   326.00,  1028.00
-75.7496728,  36.1873496,    -4.13,   338.00,  1028.00
-75.7495461,  36.1873833,    -4.19,   350.00,  1028.00
-75.7494193,  36.1874170,    -4.28,   362.00,  1028.00
-75.7492925,  36.1874506,    -4.36,   374.00,  1028.00
-75.7491657,  36.1874843,    -4.44,   386.00,  1028.00
-75.7490390,  36.1875180,    -4.52,   398.00,  1028.00
-75.7489122,  36.1875516,    -4.61,   410.00,  1028.00
-75.7487854,  36.1875853,    -4.67,   422.00,  1028.00
-75.7486587,  36.1876190,    -4.70,   434.00,  1028.00
-75.7485319,  36.1876527,    -4.70,   446.00,  1028.00
