-75.7515524,  36.1836640,     6.25,    50.00,   692.00
-75.7514257,  36.1836977,     5.27,    62.00,   692.00
-75.7512989,  36.1837314,     3.92,    74.00,   692.00
-75.7511721,  36.1837650,     2.62,    86.00,   692.00
-75.7510454,  36.1837987,     1.78,    98.00,   692.00
-75.7509186,  36.1838324,     0.75,   110.00,   692.00
-75.7507918,  36.1838660,    -0.37,   122.00,   692.00
-75.7506651,  36.1838997,    -1.41,   134.00,   692.00
-75.7505383,  36.1839334,    -2.02,   146.00,   692.00
-75.7504115,  36.1839670,    -2.42,   158.00,   692.00
-75.7502847,  36.1840007,    -2.60,   170.00,   692.00
-75.7501580,  36.1840344,    -2.72,   182.00,   692.00
-75.7500312,  36.1840681,    -2.78,   194.00,   692.00
-75.7499044,  36.1841017,    -2.76,   206.00,   692.00
-75.7497777,  36.1841354,    -2.64,   218.00,   692.00
-75.7496509,  36.1841691,    -2.51,   230.00,   692.00
-75.7495241,  36.1842027,    -2.48,   242.00,   692.00
-75.7493974,  36.1842364,    -2.54,   254.00,   692.00
-75.7492706,  36.1842701,    -2.66,   266.00,   692.00
-75.7491438,  36.1843037,    -2.82,   278.00,   692.00
-75.7490170,  36.1843374,    -3.02,   290.00,   692.00
-75.7488903,  36.1843711,    -3.21,   302.00,   692.00
-75.7487635,  36.1844047,    -3.40,   314.00,   692.00
-75.7486367,  36.1844384,    -3.57,   326.00,   692.00
-75.7485100,  36.1844721,    -3.72,   338.00,   692.00
-75.7483832,  36.1845057,    -3.86,   350.00,   692.00
-75.7482564,  36.1845394,    -3.97,   362.00,   692.00
-75.7481297,  36.1845731,    -4.06,   374.00,   692.00
-75.7480029,  36.1846067,    -4.14,   386.00,   692.00
-75.7478761,  36.1846404,    -4.22,   398.00,   692.00
-75.7477494,  36.1846741,    -4.30,   410.00,   692.00
-75.7476226,  36.1847077,    -4.37,   422.00,   692.00
-75.7474958,  36.1847414,    -4.44,   434.00,   692.00
-75.7473690,  36.1847751,    -4.52,   446.00,   692.00
-75.7472423,  36.1848088,    -4.60,   458.00,   692.00
-75.7471155,  36.1848424,    -4.69,   470.00,   692.00
-75.7469887,  36.1848761,    -4.78,   482.00,   692.00
-75.7468620,  36.1849098,    -4.89,   494.00,   692.00
-75.7467352,  36.1849434,    -5.00,   506.00,   692.00
-75.7466084,  36.1849771,    -5.11,   518.00,   692.00
-75.7464817,  36.1850108,    -5.22,   530.00,   692.00
-75.7463549,  36.1850444,    -5.34,   542.00,   692.00
-75.7462281,  36.1850781,    -5.45,   554.00,   692.00
-75.7461014,  36.1851118,    -5.57,   566.00,   692.00
-75.7459746,  36.1851454,    -5.69,   578.00,   692.00
-75.7458478,  36.1851791,    -5.81,   590.00,   692.00
-75.7457210,  36.1852128,    -5.93,   602.00,   692.00
-75.7455943,  36.1852464,    -6.05,   614.00,   692.00
-75.7454675,  36.1852801,    -6.16,   626.00,   692.00
-75.7453407,  36.1853138,    -6.26,   638.00,   692.00
-75.7452140,  36.1853474,    -6.36,   650.00,   692.00
-75.7450872,  36.1853811,    -6.45,   662.00,   692.00
-75.7449604,  36.1854148,    -6.50,   674.00,   692.00
-75.7448337,  36.1854484,    -6.53,   686.00,   692.00
-75.7447069,  36.1854821,    -6.57,   698.00,   692.00
-75.7445801,  36.1855158,    -6.62,   710.00,   692.00
-75.7444534,  36.1855495,    -6.67,   722.00,   692.00
-75.7443266,  36.1855831,    -6.73,   734.00,   692.00
-75.7441998,  36.1856168,    -6.79,   746.00,   692.00
-75.7440730,  36.1856505,    -6.83,   758.00,   692.00
-75.7439463,  36.1856841,    -6.86,   770.00,   692.00
-75.7438195,  36.1857178,    -6.89,   782.00,   692.00
-75.7516355,  36.1838696,     7.23,    50.00,   716.00
-75.7515087,  36.1839032,     5.64,    62.00,   716.00
-75.7513820,  36.1839369,     3.10,    74.00,   716.00
-75.7512552,  36.1839706,     2.44,    86.00,   716.00
-75.7511284,  36.1840042,     1.80,    98.00,   716.00
-75.7510016,  36.1840379,     0.60,   110.00,   716.00
-75.7508749,  36.1840716,    -0.56,   122.00,   716.00
-75.7507481,  36.1841053,    -1.37,   134.00,   716.00
-75.7506213,  36.1841389,    -2.06,   146.00,   716.00
-75.7504946,  36.1841726,    -2.38,   158.00,   716.00
-75.7503678,  36.1842063,    -2.58,   170.00,   716.00
-75.7502410,  36.1842399,    -2.74,   182.00,   716.00
-75.7501143,  36.1842736,    -2.83,   194.00,   716.00
-75.7499875,  36.1843073,    -2.75,   206.00,   716.00
-75.7498607,  36.1843409,    -2.54,   218.00,   716.00
-75.7497340,  36.1843746,    -2.37,   230.00,   716.00
-75.7496072,  36.1844083,    -2.37,   242.00,   716.00
-75.7494804,  36.1844419,    -2.49,   254.00,   716.00
-75.7493536,  36.1844756,    -2.66,   266.00,   716.00
-75.7492269,  36.1845093,    -2.85,   278.00,   716.00
-75.7491001,  36.1845429,    -3.05,   290.00,   716.00
-75.7489733,  36.1845766,    -3.26,   302.00,   716.00
-75.7488466,  36.1846103,    -3.44,   314.00,   716.00
-75.7487198,  36.1846439,    -3.61,   326.00,   716.00
-75.7485930,  36.1846776,    -3.76,   338.00,   716.00
-75.7484663,  36.1847113,    -3.88,   350.00,   716.00
-75.7483395,  36.1847449,    -3.99,   362.00,   716.00
-75.7482127,  36.1847786,    -4.07,   374.00,   716.00
-75.7480860,  36.1848123,    -4.15,   386.00,   716.00
-75.7479592,  36.1848460,    -4.22,   398.00,   716.00
-75.7478324,  36.1848796,    -4.29,   410.00,   716.00
-75.7477056,  36.1849133,    -4.36,   422.00,   716.00
-75.7475789,  36.1849470,    -4.44,   434.00,   716.00
-75.7474521,  36.1849806,    -4.52,   446.00,   716.00
-75.7473253,  36.1850143,    -4.60,   458.00,   716.00
-75.7471986,  36.1850480,    -4.69,   470.00,   716.00
-75.7470718,  36.1850816,    -4.79,   482.00,   716.00
-75.7469450,  36.1851153,    -4.89,   494.00,   716.00
-75.7468183,  36.1851490,    -5.00,   506.00,   716.00
-75.7466915,  36.1851826,    -5.10,   518.00,   716.00
-75.7465647,  36.1852163,    -5.22,   530.00,   716.00
-75.7464380,  36.1852500,    -5.33,   542.00,   716.00
-75.7463112,  36.1852836,    -5.45,   554.00,   716.00
-75.7461844,  36.1853173,    -5.57,   566.00,   716.00
-75.7460576,  36.1853510,    -5.69,   578.00,   716.00
-75.7459309,  36.1853846,    -5.81,   590.00,   716.00
-75.7458041,  36.1854183,    -5.92,   602.00,   716.00
-75.7456773,  36.1854520,    -6.04,   614.00,   716.00
-75.7455506,  36.1854856,    -6.14,   626.00,   716.00
-75.7454238,  36.1855193,    -6.26,   638.00,   716.00
-75.7452970,  36.1855530,    -6.36,   650.00,   716.00
-75.7451703,  36.1855867,    -6.46,   662.00,   716.00
-75.7450435,  36.1856203,    -6.52,   674.00,   716.00
-75.7449167,  36.1856540,    -6.56,   686.00,   716.00
-75.7447900,  36.1856877,    -6.61,   698.00,   716.00
-75.7446632,  36.1857213,    -6.67,   710.00,   716.00
-75.7445364,  36.1857550,    -6.72,   722.00,   716.00
-75.7444096,  36.1857887,    -6.78,   734.00,   716.00
-75.7442829,  36.1858223,    -6.84,   746.00,   716.00
-75.7441561,  36.1858560,    -6.89,   758.00,   716.00
-75.7440293,  36.1858897,    -6.93,   770.00,   716.00
-75.7439026,  36.1859233,    -6.96,   782.00,   716.00
-75.7517186,  36.1840751,     7.49,    50.00,   740.00
-75.7515918,  36.1841088,     5.31,    62.00,   740.00
-75.7514650,  36.1841425,     3.21,    74.00,   740.00
-75.7513382,  36.1841761,     2.46,    86.00,   740.00
-75.7512115,  36.1842098,     1.84,    98.00,   740.00
-75.7510847,  36.1842435,     0.58,   110.00,   740.00
-75.7509579,  36.1842771,    -0.67,   122.00,   740.00
-75.7508312,  36.1843108,    -1.56,   134.00,   740.00
-75.7507044,  36.1843445,    -2.10,   146.00,   740.00
-75.7505776,  36.1843781,    -2.41,   158.00,   740.00
-75.7504509,  36.1844118,    -2.59,   170.00,   740.00
-75.7503241,  36.1844455,    -2.66,   182.00,   740.00
-75.7501973,  36.1844791,    -2.63,   194.00,   740.00
-75.7500706,  36.1845128,    -2.40,   206.00,   740.00
-75.7499438,  36.1845465,    -2.28,   218.00,   740.00
-75.7498170,  36.1845801,    -2.33,   230.00,   740.00
-75.7496902,  36.1846138,    -2.45,   242.00,   740.00
-75.7495635,  36.1846475,    -2.60,   254.00,   740.00
-75.7494367,  36.1846811,    -2.76,   266.00,   740.00
-75.7493099,  36.1847148,    -2.93,   278.00,   740.00
-75.7491832,  36.1847485,    -3.12,   290.00,   740.00
-75.7490564,  36.1847821,    -3.31,   302.00,   740.00
-75.7489296,  36.1848158,    -3.49,   314.00,   740.00
-75.7488029,  36.1848495,    -3.65,   326.00,   740.00
-75.7486761,  36.1848832,    -3.79,   338.00,   740.00
-75.7485493,  36.1849168,    -3.91,   350.00,   740.00
-75.7484226,  36.1849505,    -4.01,   362.00,   740.00
-75.7482958,  36.1849842,    -4.10,   374.00,   740.00
-75.7481690,  36.1850178,    -4.17,   386.00,   740.00
-75.7480422,  36.1850515,    -4.24,   398.00,   740.00
-75.7479155,  36.1850852,    -4.31,   410.00,   740.00
-75.7477887,  36.1851188,    -4.38,   422.00,   740.00
-75.7476619,  36.1851525,    -4.46,   434.00,   740.00
-75.7475352,  36.1851862,    -4.54,   446.00,   740.00
-75.7474084,  36.1852198,    -4.62,   458.00,   740.00
-75.7472816,  36.1852535,    -4.70,   470.00,   740.00
-75.7471549,  36.1852872,    -4.81,   482.00,   740.00
-75.7470281,  36.1853208,    -4.90,   494.00,   740.00
-75.7469013,  36.1853545,    -5.00,   506.00,   740.00
-75.7467746,  36.1853882,    -5.11,   518.00,   740.00
-75.7466478,  36.1854218,    -5.21,   530.00,   740.00
-75.7465210,  36.1854555,    -5.34,   542.00,   740.00
-75.7463942,  36.1854892,    -5.45,   554.00,   740.00
-75.7462675,  36.1855228,    -5.57,   566.00,   740.00
-75.7461407,  36.1855565,    -5.68,   578.00,   740.00
-75.7460139,  36.1855902,    -5.80,   590.00,   740.00
-75.7458872,  36.1856239,    -5.91,   602.00,   740.00
-75.7457604,  36.1856575,    -6.02,   614.00,   740.00
-75.7456336,  36.1856912,    -6.13,   626.00,   740.00
-75.7455069,  36.1857249,    -6.24,   638.00,   740.00
-75.7453801,  36.1857585,    -6.34,   650.00,   740.00
-75.7452533,  36.1857922,    -6.43,   662.00,   740.00
-75.7451266,  36.1858259,    -6.50,   674.00,   740.00
-75.7449998,  36.1858595,    -6.56,   686.00,   740.00
-75.7448730,  36.1858932,    -6.63,   698.00,   740.00
-75.7447462,  36.1859269,    -6.70,   710.00,   740.00
-75.7446195,  36.1859605,    -6.76,   722.00,   740.00
-75.7444927,  36.1859942,    -6.83,   734.00,   740.00
-75.7443659,  36.1860279,    -6.89,   746.00,   740.00
-75.7442392,  36.1860615,    -6.95,   758.00,   740.00
-75.7441124,  36.1860952,    -6.99,   770.00,   740.00
-75.7439856,  36.1861289,    -7.03,   782.00,   740.00
-75.7518016,  36.1842807,     7.21,    50.00,   764.00
-75.7516748,  36.1843143,     4.99,    62.00,   764.00
-75.7515481,  36.1843480,     3.11,    74.00,   764.00
-75.7514213,  36.1843817,     2.32,    86.00,   764.00
-75.7512945,  36.1844153,     1.59,    98.00,   764.00
-75.7511678,  36.1844490,     0.35,   110.00,   764.00
-75.7510410,  36.1844827,    -0.87,   122.00,   764.00
-75.7509142,  36.1845163,    -1.93,   134.00,   764.00
-75.7507875,  36.1845500,    -2.51,   146.00,   764.00
-75.7506607,  36.1845837,    -2.65,   158.00,   764.00
-75.7505339,  36.1846173,    -2.74,   170.00,   764.00
-75.7504072,  36.1846510,    -2.67,   182.00,   764.00
-75.7502804,  36.1846847,    -2.43,   194.00,   764.00
-75.7501536,  36.1847183,    -2.27,   206.00,   764.00
-75.7500268,  36.1847520,    -2.30,   218.00,   764.00
-75.7499001,  36.1847857,    -2.41,   230.00,   764.00
-75.7497733,  36.1848193,    -2.56,   242.00,   764.00
-75.7496465,  36.1848530,    -2.70,   254.00,   764.00
-75.7495198,  36.1848867,    -2.86,   266.00,   764.00
-75.7493930,  36.1849204,    -3.04,   278.00,   764.00
-75.7492662,  36.1849540,    -3.22,   290.00,   764.00
-75.7491395,  36.1849877,    -3.40,   302.00,   764.00
-75.7490127,  36.1850214,    -3.56,   314.00,   764.00
-75.7488859,  36.1850550,    -3.72,   326.00,   764.00
-75.7487592,  36.1850887,    -3.86,   338.00,   764.00
-75.7486324,  36.1851224,    -3.97,   350.00,   764.00
-75.7485056,  36.1851560,    -4.07,   362.00,   764.00
-75.7483788,  36.1851897,    -4.16,   374.00,   764.00
-75.7482521,  36.1852234,    -4.23,   386.00,   764.00
-75.7481253,  36.1852570,    -4.30,   398.00,   764.00
-75.7479985,  36.1852907,    -4.37,   410.00,   764.00
-75.7478718,  36.1853244,    -4.44,   422.00,   764.00
-75.7477450,  36.1853580,    -4.51,   434.00,   764.00
-75.7476182,  36.1853917,    -4.58,   446.00,   764.00
-75.7474915,  36.1854254,    -4.66,   458.00,   764.00
-75.7473647,  36.1854590,    -4.73,   470.00,   764.00
-75.7472379,  36.1854927,    -4.82,   482.00,   764.00
-75.7471112,  36.1855264,    -4.91,   494.00,   764.00
-75.7469844,  36.1855600,    -5.01,   506.00,   764.00
-75.7468576,  36.1855937,    -5.11,   518.00,   764.00
-75.7467308,  36.1856274,    -5.24,   530.00,   764.00
-75.7466041,  36.1856611,    -5.35,   542.00,   764.00
-75.7464773,  36.1856947,    -5.45,   554.00,   764.00
-75.7463505,  36.1857284,    -5.56,   566.00,   764.00
-75.7462238,  36.1857621,    -5.68,   578.00,   764.00
-75.7460970,  36.1857957,    -5.79,   590.00,   764.00
-75.7459702,  36.1858294,    -5.90,   602.00,   764.00
-75.7458435,  36.1858631,    -6.02,   614.00,   764.00
-75.7457167,  36.1858967,    -6.13,   626.00,   764.00
-75.7455899,  36.1859304,    -6.23,   638.00,   764.00
-75.7454632,  36.1859641,    -6.33,   650.00,   764.00
-75.7453364,  36.1859977,    -6.42,   662.00,   764.00
-75.7452096,  36.1860314,    -6.50,   674.00,   764.00
-75.7450828,  36.1860651,    -6.57,   686.00,   764.00
-75.7449561,  36.1860987,    -6.65,   698.00,   764.00
-75.7448293,  36.1861324,    -6.74,   710.00,   764.00
-75.7447025,  36.1861661,    -6.81,   722.00,   764.00
-75.7445758,  36.1861997,    -6.88,   734.00,   764.00
-75.7444490,  36.1862334,    -6.95,   746.00,   764.00
-75.7443222,  36.1862671,    -7.01,   758.00,   764.00
-75.7441955,  36.1863007,    -7.06,   770.00,   764.00
-75.7440687,  36.1863344,    -7.10,   782.00,   764.00
-75.7518847,  36.1844862,     6.91,    50.00,   788.00
-75.7517579,  36.1845199,     4.77,    62.00,   788.00
-75.7516311,  36.1845535,     3.06,    74.00,   788.00
-75.7515044,  36.1845872,     2.51,    86.00,   788.00
-75.7513776,  36.1846209,     1.43,    98.00,   788.00
-75.7512508,  36.1846545,     0.11,   110.00,   788.00
-75.7511241,  36.1846882,    -1.27,   122.00,   788.00
-75.7509973,  36.1847219,    -2.31,   134.00,   788.00
-75.7508705,  36.1847555,    -2.70,   146.00,   788.00
-75.7507438,  36.1847892,    -2.99,   158.00,   788.00
-75.7506170,  36.1848229,    -2.85,   170.00,   788.00
-75.7504902,  36.1848565,    -2.36,   182.00,   788.00
-75.7503634,  36.1848902,    -2.16,   194.00,   788.00
-75.7502367,  36.1849239,    -2.22,   206.00,   788.00
-75.7501099,  36.1849576,    -2.35,   218.00,   788.00
-75.7499831,  36.1849912,    -2.48,   230.00,   788.00
-75.7498564,  36.1850249,    -2.63,   242.00,   788.00
-75.7497296,  36.1850586,    -2.78,   254.00,   788.00
-75.7496028,  36.1850922,    -2.96,   266.00,   788.00
-75.7494761,  36.1851259,    -3.13,   278.00,   788.00
-75.7493493,  36.1851596,    -3.30,   290.00,   788.00
-75.7492225,  36.1851932,    -3.47,   302.00,   788.00
-75.7490958,  36.1852269,    -3.63,   314.00,   788.00
-75.7489690,  36.1852606,    -3.79,   326.00,   788.00
-75.7488422,  36.1852942,    -3.93,   338.00,   788.00
-75.7487154,  36.1853279,    -4.04,   350.00,   788.00
-75.7485887,  36.1853616,    -4.14,   362.00,   788.00
-75.7484619,  36.1853952,    -4.22,   374.00,   788.00
-75.7483351,  36.1854289,    -4.29,   386.00,   788.00
-75.7482084,  36.1854626,    -4.36,   398.00,   788.00
-75.7480816,  36.1854962,    -4.42,   410.00,   788.00
-75.7479548,  36.1855299,    -4.49,   422.00,   788.00
-75.7478281,  36.1855636,    -4.55,   434.00,   788.00
-75.7477013,  36.1855972,    -4.62,   446.00,   788.00
-75.7475745,  36.1856309,    -4.69,   458.00,   788.00
-75.7474478,  36.1856646,    -4.77,   470.00,   788.00
-75.7473210,  36.1856983,    -4.85,   482.00,   788.00
-75.7471942,  36.1857319,    -4.94,   494.00,   788.00
-75.7470674,  36.1857656,    -5.04,   506.00,   788.00
-75.7469407,  36.1857993,    -5.13,   518.00,   788.00
-75.7468139,  36.1858329,    -5.23,   530.00,   788.00
-75.7466871,  36.1858666,    -5.35,   542.00,   788.00
-75.7465604,  36.1859003,    -5.46,   554.00,   788.00
-75.7464336,  36.1859339,    -5.56,   566.00,   788.00
-75.7463068,  36.1859676,    -5.68,   578.00,   788.00
-75.7461801,  36.1860013,    -5.79,   590.00,   788.00
-75.7460533,  36.1860349,    -5.90,   602.00,   788.00
-75.7459265,  36.1860686,    -6.01,   614.00,   788.00
-75.7457998,  36.1861023,    -6.12,   626.00,   788.00
-75.7456730,  36.1861359,    -6.22,   638.00,   788.00
-75.7455462,  36.1861696,    -6.32,   650.00,   788.00
-75.7454194,  36.1862033,    -6.42,   662.00,   788.00
-75.7452927,  36.1862369,    -6.51,   674.00,   788.00
-75.7451659,  36.1862706,    -6.59,   686.00,   788.00
-75.7450391,  36.1863043,    -6.68,   698.00,   788.00
-75.7449124,  36.1863379,    -6.77,   710.00,   788.00
-75.7447856,  36.1863716,    -6.85,   722.00,   788.00
-75.7446588,  36.1864053,    -6.93,   734.00,   788.00
-75.7445321,  36.1864389,    -7.01,   746.00,   788.00
-75.7444053,  36.1864726,    -7.09,   758.00,   788.00
-75.7442785,  36.1865063,    -7.14,   770.00,   788.00
-75.7441518,  36.1865400,    -7.19,   782.00,   788.00
-75.7519677,  36.1846917,     6.95,    50.00,   812.00
-75.7518410,  36.1847254,     5.37,    62.00,   812.00
-75.7517142,  36.1847591,     3.19,    74.00,   812.00
-75.7515874,  36.1847927,     2.49,    86.00,   812.00
-75.7514607,  36.1848264,     1.45,    98.00,   812.00
-75.7513339,  36.1848601,     0.20,   110.00,   812.00
-75.7512071,  36.1848937,    -1.18,   122.00,   812.00
-75.7510804,  36.1849274,    -2.18,   134.00,   812.00
-75.7509536,  36.1849611,    -2.86,   146.00,   812.00
-75.7508268,  36.1849948,    -2.91,   158.00,   812.00
-75.7507000,  36.1850284,    -2.26,   170.00,   812.00
-75.7505733,  36.1850621,    -2.05,   182.00,   812.00
-75.7504465,  36.1850958,    -2.11,   194.00,   812.00
-75.7503197,  36.1851294,    -2.23,   206.00,   812.00
-75.7501930,  36.1851631,    -2.33,   218.00,   812.00
-75.7500662,  36.1851968,    -2.47,   230.00,   812.00
-75.7499394,  36.1852304,    -2.63,   242.00,   812.00
-75.7498127,  36.1852641,    -2.78,   254.00,   812.00
-75.7496859,  36.1852978,    -2.95,   266.00,   812.00
-75.7495591,  36.1853314,    -3.13,   278.00,   812.00
-75.7494324,  36.1853651,    -3.31,   290.00,   812.00
-75.7493056,  36.1853988,    -3.48,   302.00,   812.00
-75.7491788,  36.1854324,    -3.65,   314.00,   812.00
-75.7490520,  36.1854661,    -3.81,   326.00,   812.00
-75.7489253,  36.1854998,    -3.96,   338.00,   812.00
-75.7487985,  36.1855334,    -4.09,   350.00,   812.00
-75.7486717,  36.1855671,    -4.20,   362.00,   812.00
-75.7485450,  36.1856008,    -4.29,   374.00,   812.00
-75.7484182,  36.1856344,    -4.36,   386.00,   812.00
-75.7482914,  36.1856681,    -4.43,   398.00,   812.00
-75.7481647,  36.1857018,    -4.48,   410.00,   812.00
-75.7480379,  36.1857355,    -4.54,   422.00,   812.00
-75.7479111,  36.1857691,    -4.59,   434.00,   812.00
-75.7477844,  36.1858028,    -4.65,   446.00,   812.00
-75.7476576,  36.1858365,    -4.73,   458.00,   812.00
-75.7475308,  36.1858701,    -4.80,   470.00,   812.00
-75.7474040,  36.1859038,    -4.88,   482.00,   812.00
-75.7472773,  36.1859375,    -4.96,   494.00,   812.00
-75.7471505,  36.1859711,    -5.06,   506.00,   812.00
-75.7470237,  36.1860048,    -5.15,   518.00,   812.00
-75.7468970,  36.1860385,    -5.25,   530.00,   812.00
-75.7467702,  36.1860721,    -5.35,   542.00,   812.00
-75.7466434,  36.1861058,    -5.47,   554.00,   812.00
-75.7465167,  36.1861395,    -5.57,   566.00,   812.00
-75.7463899,  36.1861731,    -5.68,   578.00,   812.00
-75.7462631,  36.1862068,    -5.79,   590.00,   812.00
-75.7461364,  36.1862405,    -5.89,   602.00,   812.00
-75.7460096,  36.1862741,    -6.01,   614.00,   812.00
-75.7458828,  36.1863078,    -6.11,   626.00,   812.00
-75.7457560,  36.1863415,    -6.21,   638.00,   812.00
-75.7456293,  36.1863751,    -6.32,   650.00,   812.00
-75.7455025,  36.1864088,    -6.42,   662.00,   812.00
-75.7453757,  36.1864425,    -6.52,   674.00,   812.00
-75.7452490,  36.1864761,    -6.61,   686.00,   812.00
-75.7451222,  36.1865098,    -6.71,   698.00,   812.00
-75.7449954,  36.1865435,    -6.80,   710.00,   812.00
-75.7448687,  36.1865772,    -6.89,   722.00,   812.00
-75.7447419,  36.1866108,    -6.98,   734.00,   812.00
-75.7446151,  36.1866445,    -7.06,   746.00,   812.00
-75.7444883,  36.1866782,    -7.16,   758.00,   812.00
-75.7443616,  36.1867118,    -7.23,   770.00,   812.00
-75.7442348,  36.1867455,    -7.29,   782.00,   812.00
-75.7520508,  36.1848973,     6.86,    50.00,   836.00
-75.7519240,  36.1849309,     5.61,    62.00,   836.00
-75.7517973,  36.1849646,     3.31,    74.00,   836.00
-75.7516705,  36.1849983,     2.64,    86.00,   836.00
-75.7515437,  36.1850320,     1.55,    98.00,   836.00
-75.7514170,  36.1850656,     0.32,   110.00,   836.00
-75.7512902,  36.1850993,    -0.99,   122.00,   836.00
-75.7511634,  36.1851330,    -1.90,   134.00,   836.00
-75.7510366,  36.1851666,    -2.51,   146.00,   836.00
-75.7509099,  36.1852003,    -2.07,   158.00,   836.00
-75.7507831,  36.1852340,    -1.97,   170.00,   836.00
-75.7506563,  36.1852676,    -2.02,   182.00,   836.00
-75.7505296,  36.1853013,    -2.09,   194.00,   836.00
-75.7504028,  36.1853350,    -2.21,   206.00,   836.00
-75.7502760,  36.1853686,    -2.34,   218.00,   836.00
-75.7501493,  36.1854023,    -2.49,   230.00,   836.00
-75.7500225,  36.1854360,    -2.66,   242.00,   836.00
-75.7498957,  36.1854696,    -2.85,   254.00,   836.00
-75.7497690,  36.1855033,    -2.93,   266.00,   836.00
-75.7496422,  36.1855370,    -3.11,   278.00,   836.00
-75.7495154,  36.1855706,    -3.31,   290.00,   836.00
-75.7493886,  36.1856043,    -3.49,   302.00,   836.00
-75.7492619,  36.1856380,    -3.68,   314.00,   836.00
-75.7491351,  36.1856716,    -3.84,   326.00,   836.00
-75.7490083,  36.1857053,    -4.01,   338.00,   836.00
-75.7488816,  36.1857390,    -4.14,   350.00,   836.00
-75.7487548,  36.1857727,    -4.25,   362.00,   836.00
-75.7486280,  36.1858063,    -4.34,   374.00,   836.00
-75.7485013,  36.1858400,    -4.41,   386.00,   836.00
-75.7483745,  36.1858737,    -4.48,   398.00,   836.00
-75.7482477,  36.1859073,    -4.53,   410.00,   836.00
-75.7481210,  36.1859410,    -4.58,   422.00,   836.00
-75.7479942,  36.1859747,    -4.63,   434.00,   836.00
-75.7478674,  36.1860083,    -4.68,   446.00,   836.00
-75.7477406,  36.1860420,    -4.75,   458.00,   836.00
-75.7476139,  36.1860757,    -4.82,   470.00,   836.00
-75.7474871,  36.1861093,    -4.89,   482.00,   836.00
-75.7473603,  36.1861430,    -4.98,   494.00,   836.00
-75.7472336,  36.1861767,    -5.06,   506.00,   836.00
-75.7471068,  36.1862103,    -5.16,   518.00,   836.00
-75.7469800,  36.1862440,    -5.26,   530.00,   836.00
-75.7468533,  36.1862777,    -5.36,   542.00,   836.00
-75.7467265,  36.1863113,    -5.47,   554.00,   836.00
-75.7465997,  36.1863450,    -5.57,   566.00,   836.00
-75.7464729,  36.1863787,    -5.68,   578.00,   836.00
-75.7463462,  36.1864123,    -5.79,   590.00,   836.00
-75.7462194,  36.1864460,    -5.89,   602.00,   836.00
-75.7460926,  36.1864797,    -6.00,   614.00,   836.00
-75.7459659,  36.1865133,    -6.11,   626.00,   836.00
-75.7458391,  36.1865470,    -6.22,   638.00,   836.00
-75.7457123,  36.1865807,    -6.32,   650.00,   836.00
-75.7455856,  36.1866144,    -6.42,   662.00,   836.00
-75.7454588,  36.1866480,    -6.52,   674.00,   836.00
-75.7453320,  36.1866817,    -6.61,   686.00,   836.00
-75.7452053,  36.1867154,    -6.70,   698.00,   836.00
-75.7450785,  36.1867490,    -6.78,   710.00,   836.00
-75.7449517,  36.1867827,    -6.87,   722.00,   836.00
-75.7448249,  36.1868164,    -6.96,   734.00,   836.00
-75.7446982,  36.1868500,    -7.05,   746.00,   836.00
-75.7445714,  36.1868837,    -7.13,   758.00,   836.00
-75.7444446,  36.1869174,    -7.18,   770.00,   836.00
-75.7443179,  36.1869510,    -7.23,   782.00,   836.00
-75.7521339,  36.1851028,     6.44,    50.00,   860.00
-75.7520071,  36.1851365,     5.53,    62.00,   860.00
-75.7518803,  36.1851702,     3.42,    74.00,   860.00
-75.7517536,  36.1852038,     2.49,    86.00,   860.00
-75.7516268,  36.1852375,     1.56,    98.00,   860.00
-75.7515000,  36.1852712,     0.52,   110.00,   860.00
-75.7513732,  36.1853048,    -0.59,   122.00,   860.00
-75.7512465,  36.1853385,    -1.36,   134.00,   860.00
-75.7511197,  36.1853722,    -1.64,   146.00,   860.00
-75.7509929,  36.1854058,    -1.83,   158.00,   860.00
-75.7508662,  36.1854395,    -1.91,   170.00,   860.00
-75.7507394,  36.1854732,    -2.01,   182.00,   860.00
-75.7506126,  36.1855068,    -2.08,   194.00,   860.00
-75.7504859,  36.1855405,    -2.21,   206.00,   860.00
-75.7503591,  36.1855742,    -2.34,   218.00,   860.00
-75.7502323,  36.1856078,    -2.49,   230.00,   860.00
-75.7501056,  36.1856415,    -2.65,   242.00,   860.00
-75.7499788,  36.1856752,    -2.82,   254.00,   860.00
-75.7498520,  36.1857088,    -2.97,   266.00,   860.00
-75.7497252,  36.1857425,    -3.14,   278.00,   860.00
-75.7495985,  36.1857762,    -3.32,   290.00,   860.00
-75.7494717,  36.1858099,    -3.52,   302.00,   860.00
-75.7493449,  36.1858435,    -3.71,   314.00,   860.00
-75.7492182,  36.1858772,    -3.87,   326.00,   860.00
-75.7490914,  36.1859109,    -4.05,   338.00,   860.00
-75.7489646,  36.1859445,    -4.19,   350.00,   860.00
-75.7488379,  36.1859782,    -4.31,   362.00,   860.00
-75.7487111,  36.1860119,    -4.40,   374.00,   860.00
-75.7485843,  36.1860455,    -4.47,   386.00,   860.00
-75.7484576,  36.1860792,    -4.54,   398.00,   860.00
-75.7483308,  36.1861129,    -4.59,   410.00,   860.00
-75.7482040,  36.1861465,    -4.62,   422.00,   860.00
-75.7480772,  36.1861802,    -4.66,   434.00,   860.00
-75.7479505,  36.1862139,    -4.71,   446.00,   860.00
-75.7478237,  36.1862475,    -4.76,   458.00,   860.00
-75.7476969,  36.1862812,    -4.83,   470.00,   860.00
-75.7475702,  36.1863149,    -4.90,   482.00,   860.00
-75.7474434,  36.1863485,    -4.98,   494.00,   860.00
-75.7473166,  36.1863822,    -5.08,   506.00,   860.00
-75.7471899,  36.1864159,    -5.17,   518.00,   860.00
-75.7470631,  36.1864495,    -5.27,   530.00,   860.00
-75.7469363,  36.1864832,    -5.37,   542.00,   860.00
-75.7468095,  36.1865169,    -5.47,   554.00,   860.00
-75.7466828,  36.1865505,    -5.58,   566.00,   860.00
-75.7465560,  36.1865842,    -5.68,   578.00,   860.00
-75.7464292,  36.1866179,    -5.79,   590.00,   860.00
-75.7463025,  36.1866516,    -5.90,   602.00,   860.00
-75.7461757,  36.1866852,    -6.00,   614.00,   860.00
-75.7460489,  36.1867189,    -6.11,   626.00,   860.00
-75.7459222,  36.1867526,    -6.22,   638.00,   860.00
-75.7457954,  36.1867862,    -6.32,   650.00,   860.00
-75.7456686,  36.1868199,    -6.41,   662.00,   860.00
-75.7455419,  36.1868536,    -6.50,   674.00,   860.00
-75.7454151,  36.1868872,    -6.58,   686.00,   860.00
-75.7452883,  36.1869209,    -6.67,   698.00,   860.00
-75.7451615,  36.1869546,    -6.75,   710.00,   860.00
-75.7450348,  36.1869882,    -6.83,   722.00,   860.00
-75.7449080,  36.1870219,    -6.92,   734.00,   860.00
-75.7447812,  36.1870556,    -7.01,   746.00,   860.00
-75.7446545,  36.1870892,    -7.09,   758.00,   860.00
-75.7445277,  36.1871229,    -7.09,   770.00,   860.00
-75.7444009,  36.1871566,    -7.20,   782.00,   860.00
-75.7522169,  36.1853084,     6.91,    50.00,   884.00
-75.7520902,  36.1853420,     6.38,    62.00,   884.00
-75.7519634,  36.1853757,     3.50,    74.00,   884.00
-75.7518366,  36.1854094,     2.69,    86.00,   884.00
-75.7517098,  36.1854430,     1.86,    98.00,   884.00
-75.7515831,  36.1854767,     0.85,   110.00,   884.00
-75.7514563,  36.1855104,    -0.25,   122.00,   884.00
-75.7513295,  36.1855440,    -1.11,   134.00,   884.00
-75.7512028,  36.1855777,    -1.55,   146.00,   884.00
-75.7510760,  36.1856114,    -1.66,   158.00,   884.00
-75.7509492,  36.1856450,    -1.83,   170.00,   884.00
-75.7508225,  36.1856787,    -1.96,   182.00,   884.00
-75.7506957,  36.1857124,    -2.05,   194.00,   884.00
-75.7505689,  36.1857460,    -2.19,   206.00,   884.00
-75.7504422,  36.1857797,    -2.34,   218.00,   884.00
-75.7503154,  36.1858134,    -2.48,   230.00,   884.00
-75.7501886,  36.1858471,    -2.63,   242.00,   884.00
-75.7500618,  36.1858807,    -2.81,   254.00,   884.00
-75.7499351,  36.1859144,    -2.98,   266.00,   884.00
-75.7498083,  36.1859481,    -3.14,   278.00,   884.00
-75.7496815,  36.1859817,    -3.35,   290.00,   884.00
-75.7495548,  36.1860154,    -3.56,   302.00,   884.00
-75.7494280,  36.1860491,    -3.75,   314.00,   884.00
-75.7493012,  36.1860827,    -3.97,   326.00,   884.00
-75.7491745,  36.1861164,    -4.10,   338.00,   884.00
-75.7490477,  36.1861501,    -4.23,   350.00,   884.00
-75.7489209,  36.1861837,    -4.33,   362.00,   884.00
-75.7487941,  36.1862174,    -4.41,   374.00,   884.00
-75.7486674,  36.1862511,    -4.49,   386.00,   884.00
-75.7485406,  36.1862847,    -4.55,   398.00,   884.00
-75.7484138,  36.1863184,    -4.60,   410.00,   884.00
-75.7482871,  36.1863521,    -4.64,   422.00,   884.00
-75.7481603,  36.1863857,    -4.68,   434.00,   884.00
-75.7480335,  36.1864194,    -4.72,   446.00,   884.00
-75.7479068,  36.1864531,    -4.78,   458.00,   884.00
-75.7477800,  36.1864867,    -4.84,   470.00,   884.00
-75.7476532,  36.1865204,    -4.91,   482.00,   884.00
-75.7475265,  36.1865541,    -4.99,   494.00,   884.00
-75.7473997,  36.1865877,    -5.08,   506.00,   884.00
-75.7472729,  36.1866214,    -5.18,   518.00,   884.00
-75.7471461,  36.1866551,    -5.28,   530.00,   884.00
-75.7470194,  36.1866888,    -5.38,   542.00,   884.00
-75.7468926,  36.1867224,    -5.48,   554.00,   884.00
-75.7467658,  36.1867561,    -5.58,   566.00,   884.00
-75.7466391,  36.1867898,    -5.69,   578.00,   884.00
-75.7465123,  36.1868234,    -5.79,   590.00,   884.00
-75.7463855,  36.1868571,    -5.90,   602.00,   884.00
-75.7462588,  36.1868908,    -6.00,   614.00,   884.00
-75.7461320,  36.1869244,    -6.10,   626.00,   884.00
-75.7460052,  36.1869581,    -6.22,   638.00,   884.00
-75.7458785,  36.1869918,    -6.32,   650.00,   884.00
-75.7457517,  36.1870254,    -6.42,   662.00,   884.00
-75.7456249,  36.1870591,    -6.50,   674.00,   884.00
-75.7454981,  36.1870928,    -6.57,   686.00,   884.00
-75.7453714,  36.1871264,    -6.64,   698.00,   884.00
-75.7452446,  36.1871601,    -6.72,   710.00,   884.00
-75.7451178,  36.1871938,    -6.80,   722.00,   884.00
-75.7449911,  36.1872274,    -6.89,   734.00,   884.00
-75.7448643,  36.1872611,    -6.98,   746.00,   884.00
-75.7447375,  36.1872948,    -7.05,   758.00,   884.00
-75.7446108,  36.1873284,    -7.11,   770.00,   884.00
-75.7444840,  36.1873621,    -7.15,   782.00,   884.00
-75.7523000,  36.1855139,     7.39,    50.00,   908.00
-75.7521732,  36.1855476,     6.58,    62.00,   908.00
-75.7520464,  36.1855812,     3.66,    74.00,   908.00
-75.7519197,  36.1856149,     2.74,    86.00,   908.00
-75.7517929,  36.1856486,     1.94,    98.00,   908.00
-75.7516661,  36.1856822,     1.11,   110.00,   908.00
-75.7515394,  36.1857159,     0.13,   122.00,   908.00
-75.7514126,  36.1857496,    -0.75,   134.00,   908.00
-75.7512858,  36.1857832,    -1.25,   146.00,   908.00
-75.7511591,  36.1858169,    -1.51,   158.00,   908.00
-75.7510323,  36.1858506,    -1.77,   170.00,   908.00
-75.7509055,  36.1858843,    -1.92,   182.00,   908.00
-75.7507787,  36.1859179,    -2.05,   194.00,   908.00
-75.7506520,  36.1859516,    -2.16,   206.00,   908.00
-75.7505252,  36.1859853,    -2.24,   218.00,   908.00
-75.7503984,  36.1860189,    -2.39,   230.00,   908.00
-75.7502717,  36.1860526,    -2.54,   242.00,   908.00
-75.7501449,  36.1860863,    -2.72,   254.00,   908.00
-75.7500181,  36.1861199,    -2.91,   266.00,   908.00
-75.7498914,  36.1861536,    -3.13,   278.00,   908.00
-75.7497646,  36.1861873,    -3.35,   290.00,   908.00
-75.7496378,  36.1862209,    -3.56,   302.00,   908.00
-75.7495111,  36.1862546,    -3.75,   314.00,   908.00
-75.7493843,  36.1862883,    -3.93,   326.00,   908.00
-75.7492575,  36.1863219,    -4.08,   338.00,   908.00
-75.7491307,  36.1863556,    -4.23,   350.00,   908.00
-75.7490040,  36.1863893,    -4.35,   362.00,   908.00
-75.7488772,  36.1864229,    -4.43,   374.00,   908.00
-75.7487504,  36.1864566,    -4.50,   386.00,   908.00
-75.7486237,  36.1864903,    -4.56,   398.00,   908.00
-75.7484969,  36.1865239,    -4.61,   410.00,   908.00
-75.7483701,  36.1865576,    -4.64,   422.00,   908.00
-75.7482434,  36.1865913,    -4.68,   434.00,   908.00
-75.7481166,  36.1866249,    -4.73,   446.00,   908.00
-75.7479898,  36.1866586,    -4.79,   458.00,   908.00
-75.7478631,  36.1866923,    -4.84,   470.00,   908.00
-75.7477363,  36.1867260,    -4.92,   482.00,   908.00
-75.7476095,  36.1867596,    -5.00,   494.00,   908.00
-75.7474827,  36.1867933,    -5.09,   506.00,   908.00
-75.7473560,  36.1868270,    -5.19,   518.00,   908.00
-75.7472292,  36.1868606,    -5.28,   530.00,   908.00
-75.7471024,  36.1868943,    -5.38,   542.00,   908.00
-75.7469757,  36.1869280,    -5.48,   554.00,   908.00
-75.7468489,  36.1869616,    -5.58,   566.00,   908.00
-75.7467221,  36.1869953,    -5.68,   578.00,   908.00
-75.7465954,  36.1870290,    -5.79,   590.00,   908.00
-75.7464686,  36.1870626,    -5.90,   602.00,   908.00
-75.7463418,  36.1870963,    -6.00,   614.00,   908.00
-75.7462151,  36.1871300,    -6.10,   626.00,   908.00
-75.7460883,  36.1871636,    -6.21,   638.00,   908.00
-75.7459615,  36.1871973,    -6.31,   650.00,   908.00
-75.7458347,  36.1872310,    -6.40,   662.00,   908.00
-75.7457080,  36.1872646,    -6.48,   674.00,   908.00
-75.7455812,  36.1872983,    -6.55,   686.00,   908.00
-75.7454544,  36.1873320,    -6.62,   698.00,   908.00
-75.7453277,  36.1873656,    -6.70,   710.00,   908.00
-75.7452009,  36.1873993,    -6.78,   722.00,   908.00
-75.7450741,  36.1874330,    -6.87,   734.00,   908.00
-75.7449474,  36.1874667,    -6.95,   746.00,   908.00
-75.7448206,  36.1875003,    -7.01,   758.00,   908.00
-75.7446938,  36.1875340,    -7.15,   770.00,   908.00
-75.7445671,  36.1875677,    -7.18,   782.00,   908.00
-75.7523830,  36.1857194,     6.68,    50.00,   932.00
-75.7522563,  36.1857531,     5.88,    62.00,   932.00
-75.7521295,  36.1857868,     4.10,    74.00,   932.00
-75.7520027,  36.1858204,     2.93,    86.00,   932.00
-75.7518760,  36.1858541,     2.25,    98.00,   932.00
-75.7517492,  36.1858878,     1.69,   110.00,   932.00
-75.7516224,  36.1859215,     0.64,   122.00,   932.00
-75.7514957,  36.1859551,    -0.28,   134.00,   932.00
-75.7513689,  36.1859888,    -0.96,   146.00,   932.00
-75.7512421,  36.1860225,    -1.40,   158.00,   932.00
-75.7511153,  36.1860561,    -1.64,   170.00,   932.00
-75.7509886,  36.1860898,    -1.85,   182.00,   932.00
-75.7508618,  36.1861235,    -2.03,   194.00,   932.00
-75.7507350,  36.1861571,    -2.10,   206.00,   932.00
-75.7506083,  36.1861908,    -2.15,   218.00,   932.00
-75.7504815,  36.1862245,    -2.27,   230.00,   932.00
-75.7503547,  36.1862581,    -2.44,   242.00,   932.00
-75.7502280,  36.1862918,    -2.64,   254.00,   932.00
-75.7501012,  36.1863255,    -2.87,   266.00,   932.00
-75.7499744,  36.1863591,    -3.11,   278.00,   932.00
-75.7498477,  36.1863928,    -3.34,   290.00,   932.00
-75.7497209,  36.1864265,    -3.55,   302.00,   932.00
-75.7495941,  36.1864601,    -3.76,   314.00,   932.00
-75.7494673,  36.1864938,    -3.94,   326.00,   932.00
-75.7493406,  36.1865275,    -4.10,   338.00,   932.00
-75.7492138,  36.1865611,    -4.23,   350.00,   932.00
-75.7490870,  36.1865948,    -4.34,   362.00,   932.00
-75.7489603,  36.1866285,    -4.42,   374.00,   932.00
-75.7488335,  36.1866621,    -4.48,   386.00,   932.00
-75.7487067,  36.1866958,    -4.55,   398.00,   932.00
-75.7485800,  36.1867295,    -4.60,   410.00,   932.00
-75.7484532,  36.1867632,    -4.64,   422.00,   932.00
-75.7483264,  36.1867968,    -4.68,   434.00,   932.00
-75.7481997,  36.1868305,    -4.73,   446.00,   932.00
-75.7480729,  36.1868642,    -4.78,   458.00,   932.00
-75.7479461,  36.1868978,    -4.85,   470.00,   932.00
-75.7478193,  36.1869315,    -4.92,   482.00,   932.00
-75.7476926,  36.1869652,    -5.00,   494.00,   932.00
-75.7475658,  36.1869988,    -5.09,   506.00,   932.00
-75.7474390,  36.1870325,    -5.19,   518.00,   932.00
-75.7473123,  36.1870662,    -5.28,   530.00,   932.00
-75.7471855,  36.1870998,    -5.38,   542.00,   932.00
-75.7470587,  36.1871335,    -5.48,   554.00,   932.00
-75.7469320,  36.1871672,    -5.58,   566.00,   932.00
-75.7468052,  36.1872008,    -5.68,   578.00,   932.00
-75.7466784,  36.1872345,    -5.78,   590.00,   932.00
-75.7465517,  36.1872682,    -5.89,   602.00,   932.00
-75.7464249,  36.1873018,    -5.99,   614.00,   932.00
-75.7462981,  36.1873355,    -6.09,   626.00,   932.00
-75.7461713,  36.1873692,    -6.20,   638.00,   932.00
-75.7460446,  36.1874028,    -6.30,   650.00,   932.00
-75.7459178,  36.1874365,    -6.38,   662.00,   932.00
-75.7457910,  36.1874702,    -6.46,   674.00,   932.00
-75.7456643,  36.1875039,    -6.53,   686.00,   932.00
-75.7455375,  36.1875375,    -6.61,   698.00,   932.00
-75.7454107,  36.1875712,    -6.69,   710.00,   932.00
-75.7452840,  36.1876049,    -6.78,   722.00,   932.00
-75.7451572,  36.1876385,    -6.87,   734.00,   932.00
-75.7450304,  36.1876722,    -6.96,   746.00,   932.00
-75.7449037,  36.1877059,    -7.02,   758.00,   932.00
-75.7447769,  36.1877395,    -7.07,   770.00,   932.00
-75.7446501,  36.1877732,    -7.10,   782.00,   932.00
-75.7524661,  36.1859250,     6.80,    50.00,   956.00
-75.7523393,  36.1859587,     6.92,    62.00,   956.00
-75.7522126,  36.1859923,     4.31,    74.00,   956.00
-75.7520858,  36.1860260,     2.91,    86.00,   956.00
-75.7519590,  36.1860597,     2.27,    98.00,   956.00
-75.7518323,  36.1860933,     2.01,   110.00,   956.00
-75.7517055,  36.1861270,     0.92,   122.00,   956.00
-75.7515787,  36.1861607,    -0.08,   134.00,   956.00
-75.7514519,  36.1861943,    -0.87,   146.00,   956.00
-75.7513252,  36.1862280,    -1.49,   158.00,   956.00
-75.7511984,  36.1862617,    -1.54,   170.00,   956.00
-75.7510716,  36.1862953,    -1.77,   182.00,   956.00
-75.7509449,  36.1863290,    -2.01,   194.00,   956.00
-75.7508181,  36.1863627,    -2.12,   206.00,   956.00
-75.7506913,  36.1863963,    -2.12,   218.00,   956.00
-75.7505646,  36.1864300,    -2.20,   230.00,   956.00
-75.7504378,  36.1864637,    -2.38,   242.00,   956.00
-75.7503110,  36.1864973,    -2.61,   254.00,   956.00
-75.7501843,  36.1865310,    -2.85,   266.00,   956.00
-75.7500575,  36.1865647,    -3.10,   278.00,   956.00
-75.7499307,  36.1865983,    -3.33,   290.00,   956.00
-75.7498039,  36.1866320,    -3.56,   302.00,   956.00
-75.7496772,  36.1866657,    -3.76,   314.00,   956.00
-75.7495504,  36.1866993,    -3.94,   326.00,   956.00
-75.7494236,  36.1867330,    -4.10,   338.00,   956.00
-75.7492969,  36.1867667,    -4.23,   350.00,   956.00
-75.7491701,  36.1868004,    -4.35,   362.00,   956.00
-75.7490433,  36.1868340,    -4.43,   374.00,   956.00
-75.7489166,  36.1868677,    -4.50,   386.00,   956.00
-75.7487898,  36.1869014,    -4.55,   398.00,   956.00
-75.7486630,  36.1869350,    -4.59,   410.00,   956.00
-75.7485363,  36.1869687,    -4.63,   422.00,   956.00
-75.7484095,  36.1870024,    -4.68,   434.00,   956.00
-75.7482827,  36.1870360,    -4.72,   446.00,   956.00
-75.7481559,  36.1870697,    -4.78,   458.00,   956.00
-75.7480292,  36.1871034,    -4.84,   470.00,   956.00
-75.7479024,  36.1871370,    -4.91,   482.00,   956.00
-75.7477756,  36.1871707,    -4.99,   494.00,   956.00
-75.7476489,  36.1872044,    -5.09,   506.00,   956.00
-75.7475221,  36.1872380,    -5.18,   518.00,   956.00
-75.7473953,  36.1872717,    -5.28,   530.00,   956.00
-75.7472686,  36.1873054,    -5.37,   542.00,   956.00
-75.7471418,  36.1873390,    -5.48,   554.00,   956.00
-75.7470150,  36.1873727,    -5.58,   566.00,   956.00
-75.7468883,  36.1874064,    -5.68,   578.00,   956.00
-75.7467615,  36.1874400,    -5.78,   590.00,   956.00
-75.7466347,  36.1874737,    -5.88,   602.00,   956.00
-75.7465079,  36.1875074,    -5.98,   614.00,   956.00
-75.7463812,  36.1875411,    -6.08,   626.00,   956.00
-75.7462544,  36.1875747,    -6.19,   638.00,   956.00
-75.7461276,  36.1876084,    -6.29,   650.00,   956.00
-75.7460009,  36.1876421,    -6.38,   662.00,   956.00
-75.7458741,  36.1876757,    -6.46,   674.00,   956.00
-75.7457473,  36.1877094,    -6.54,   686.00,   956.00
-75.7456206,  36.1877431,    -6.62,   698.00,   956.00
-75.7454938,  36.1877767,    -6.70,   710.00,   956.00
-75.7453670,  36.1878104,    -6.79,   722.00,   956.00
-75.7452403,  36.1878441,    -6.89,   734.00,   956.00
-75.7451135,  36.1878777,    -6.97,   746.00,   956.00
-75.7449867,  36.1879114,    -7.04,   758.00,   956.00
-75.7448599,  36.1879451,    -7.09,   770.00,   956.00
-75.7447332,  36.1879787,    -7.12,   782.00,   956.00
-75.7525492,  36.1861305,     6.07,    50.00,   980.00
-75.7524224,  36.1861642,     6.07,    62.00,   980.00
-75.7522956,  36.1861979,     4.15,    74.00,   980.00
-75.7521689,  36.1862315,     3.12,    86.00,   980.00
-75.7520421,  36.1862652,     2.35,    98.00,   980.00
-75.7519153,  36.1862989,     2.08,   110.00,   980.00
-75.7517885,  36.1863325,     1.20,   122.00,   980.00
-75.7516618,  36.1863662,     0.07,   134.00,   980.00
-75.7515350,  36.1863999,    -1.01,   146.00,   980.00
-75.7514082,  36.1864335,    -1.82,   158.00,   980.00
-75.7512815,  36.1864672,    -1.82,   170.00,   980.00
-75.7511547,  36.1865009,    -1.72,   182.00,   980.00
-75.7510279,  36.1865345,    -1.93,   194.00,   980.00
-75.7509012,  36.1865682,    -2.12,   206.00,   980.00
-75.7507744,  36.1866019,    -2.12,   218.00,   980.00
-75.7506476,  36.1866355,    -2.16,   230.00,   980.00
-75.7505209,  36.1866692,    -2.34,   242.00,   980.00
-75.7503941,  36.1867029,    -2.57,   254.00,   980.00
-75.7502673,  36.1867365,    -2.80,   266.00,   980.00
-75.7501405,  36.1867702,    -3.06,   278.00,   980.00
-75.7500138,  36.1868039,    -3.31,   290.00,   980.00
-75.7498870,  36.1868376,    -3.55,   302.00,   980.00
-75.7497602,  36.1868712,    -3.77,   314.00,   980.00
-75.7496335,  36.1869049,    -3.94,   326.00,   980.00
-75.7495067,  36.1869386,    -4.10,   338.00,   980.00
-75.7493799,  36.1869722,    -4.26,   350.00,   980.00
-75.7492532,  36.1870059,    -4.34,   362.00,   980.00
-75.7491264,  36.1870396,    -4.41,   374.00,   980.00
-75.7489996,  36.1870732,    -4.47,   386.00,   980.00
-75.7488729,  36.1871069,    -4.52,   398.00,   980.00
-75.7487461,  36.1871406,    -4.57,   410.00,   980.00
-75.7486193,  36.1871742,    -4.62,   422.00,   980.00
-75.7484925,  36.1872079,    -4.66,   434.00,   980.00
-75.7483658,  36.1872416,    -4.71,   446.00,   980.00
-75.7482390,  36.1872752,    -4.77,   458.00,   980.00
-75.7481122,  36.1873089,    -4.84,   470.00,   980.00
-75.7479855,  36.1873426,    -4.91,   482.00,   980.00
-75.7478587,  36.1873762,    -4.99,   494.00,   980.00
-75.7477319,  36.1874099,    -5.08,   506.00,   980.00
-75.7476052,  36.1874436,    -5.18,   518.00,   980.00
-75.7474784,  36.1874772,    -5.27,   530.00,   980.00
-75.7473516,  36.1875109,    -5.37,   542.00,   980.00
-75.7472249,  36.1875446,    -5.47,   554.00,   980.00
-75.7470981,  36.1875783,    -5.57,   566.00,   980.00
-75.7469713,  36.1876119,    -5.67,   578.00,   980.00
-75.7468445,  36.1876456,    -5.78,   590.00,   980.00
-75.7467178,  36.1876793,    -5.88,   602.00,   980.00
-75.7465910,  36.1877129,    -5.98,   614.00,   980.00
-75.7464642,  36.1877466,    -6.08,   626.00,   980.00
-75.7463375,  36.1877803,    -6.19,   638.00,   980.00
-75.7462107,  36.1878139,    -6.28,   650.00,   980.00
-75.7460839,  36.1878476,    -6.38,   662.00,   980.00
-75.7459572,  36.1878813,    -6.46,   674.00,   980.00
-75.7458304,  36.1879149,    -6.55,   686.00,   980.00
-75.7457036,  36.1879486,    -6.63,   698.00,   980.00
-75.7455769,  36.1879823,    -6.72,   710.00,   980.00
-75.7454501,  36.1880159,    -6.82,   722.00,   980.00
-75.7453233,  36.1880496,    -6.91,   734.00,   980.00
-75.7451965,  36.1880833,    -7.00,   746.00,   980.00
-75.7450698,  36.1881169,    -7.07,   758.00,   980.00
-75.7449430,  36.1881506,    -7.11,   770.00,   980.00
-75.7448162,  36.1881843,    -7.05,   782.00,   980.00
-75.7526322,  36.1863361,     5.86,    50.00,  1004.00
-75.7525055,  36.1863697,     5.89,    62.00,  1004.00
-75.7523787,  36.1864034,     4.24,    74.00,  1004.00
-75.7522519,  36.1864371,     3.27,    86.00,  1004.00
-75.7521251,  36.1864707,     2.64,    98.00,  1004.00
-75.7519984,  36.1865044,     2.22,   110.00,  1004.00
-75.7518716,  36.1865381,     1.38,   122.00,  1004.00
-75.7517448,  36.1865717,     0.16,   134.00,  1004.00
-75.7516181,  36.1866054,    -1.08,   146.00,  1004.00
-75.7514913,  36.1866391,    -2.06,   158.00,  1004.00
-75.7513645,  36.1866727,    -2.41,   170.00,  1004.00
-75.7512378,  36.1867064,    -2.10,   182.00,  1004.00
-75.7511110,  36.1867401,    -1.85,   194.00,  1004.00
-75.7509842,  36.1867737,    -2.02,   206.00,  1004.00
-75.7508575,  36.1868074,    -2.12,   218.00,  1004.00
-75.7507307,  36.1868411,    -2.14,   230.00,  1004.00
-75.7506039,  36.1868748,    -2.22,   242.00,  1004.00
-75.7504771,  36.1869084,    -2.48,   254.00,  1004.00
-75.7503504,  36.1869421,    -2.72,   266.00,  1004.00
-75.7502236,  36.1869758,    -2.99,   278.00,  1004.00
-75.7500968,  36.1870094,    -3.24,   290.00,  1004.00
-75.7499701,  36.1870431,    -3.49,   302.00,  1004.00
-75.7498433,  36.1870768,    -3.72,   314.00,  1004.00
-75.7497165,  36.1871104,    -3.90,   326.00,  1004.00
-75.7495898,  36.1871441,    -4.06,   338.00,  1004.00
-75.7494630,  36.1871778,    -4.18,   350.00,  1004.00
-75.7493362,  36.1872114,    -4.29,   362.00,  1004.00
-75.7492095,  36.1872451,    -4.38,   374.00,  1004.00
-75.7490827,  36.1872788,    -4.44,   386.00,  1004.00
-75.7489559,  36.1873124,    -4.49,   398.00,  1004.00
-75.7488291,  36.1873461,    -4.54,   410.00,  1004.00
-75.7487024,  36.1873798,    -4.59,   422.00,  1004.00
-75.7485756,  36.1874134,    -4.64,   434.00,  1004.00
-75.7484488,  36.1874471,    -4.69,   446.00,  1004.00
-75.7483221,  36.1874808,    -4.77,   458.00,  1004.00
-75.7481953,  36.1875144,    -4.83,   470.00,  1004.00
-75.7480685,  36.1875481,    -4.90,   482.00,  1004.00
-75.7479418,  36.1875818,    -4.99,   494.00,  1004.00
-75.7478150,  36.1876155,    -5.07,   506.00,  1004.00
-75.7476882,  36.1876491,    -5.17,   518.00,  1004.00
-75.7475615,  36.1876828,    -5.26,   530.00,  1004.00
-75.7474347,  36.1877165,    -5.36,   542.00,  1004.00
-75.7473079,  36.1877501,    -5.47,   554.00,  1004.00
-75.7471811,  36.1877838,    -5.58,   566.00,  1004.00
-75.7470544,  36.1878175,    -5.67,   578.00,  1004.00
-75.7469276,  36.1878511,    -5.78,   590.00,  1004.00
-75.7468008,  36.1878848,    -5.88,   602.00,  1004.00
-75.7466741,  36.1879185,    -5.97,   614.00,  1004.00
-75.7465473,  36.1879521,    -6.07,   626.00,  1004.00
-75.7464205,  36.1879858,    -6.19,   638.00,  1004.00
-75.7462938,  36.1880195,    -6.28,   650.00,  1004.00
-75.7461670,  36.1880531,    -6.38,   662.00,  1004.00
-75.7460402,  36.1880868,    -6.49,   674.00,  1004.00
-75.7459135,  36.1881205,    -6.59,   686.00,  1004.00
-75.7457867,  36.1881541,    -6.66,   698.00,  1004.00
-75.7456599,  36.1881878,    -6.76,   710.00,  1004.00
-75.7455331,  36.1882215,    -6.85,   722.00,  1004.00
-75.7454064,  36.1882551,    -6.94,   734.00,  1004.00
-75.7452796,  36.1882888,    -7.03,   746.00,  1004.00
-75.7451528,  36.1883225,    -7.11,   758.00,  1004.00
-75.7450261,  36.1883562,    -7.13,   770.00,  1004.00
-75.7448993,  36.1883898,    -7.11,   782.00,  1004.00
-75.7527153,  36.1865416,     5.67,    50.00,  1028.00
-75.7525885,  36.1865753,     6.41,    62.00,  1028.00
-75.7524617,  36.1866089,     4.71,    74.00,  1028.00
-75.7523350,  36.1866426,     3.30,    86.00,  1028.00
-75.7522082,  36.1866763,     2.60,    98.00,  1028.00
-75.7520814,  36.1867099,     2.23,   110.00,  1028.00
-75.7519547,  36.1867436,     1.23,   122.00,  1028.00
-75.7518279,  36.1867773,    -0.01,   134.00,  1028.00
-75.7517011,  36.1868109,    -1.20,   146.00,  1028.00
-75.7515744,  36.1868446,    -2.09,   158.00,  1028.00
-75.7514476,  36.1868783,    -2.58,   170.00,  1028.00
-75.7513208,  36.1869120,    -2.33,   182.00,  1028.00
-75.7511941,  36.1869456,    -1.97,   194.00,  1028.00
-75.7510673,  36.1869793,    -2.02,   206.00,  1028.00
-75.7509405,  36.1870130,    -2.13,   218.00,  1028.00
-75.7508137,  36.1870466,    -2.13,   230.00,  1028.00
-75.7506870,  36.1870803,    -2.22,   242.00,  1028.00
-75.7505602,  36.1871140,    -2.46,   254.00,  1028.00
-75.7504334,  36.1871476,    -2.70,   266.00,  1028.00
-75.7503067,  36.1871813,    -2.97,   278.00,  1028.00
-75.7501799,  36.1872150,    -3.23,   290.00,  1028.00
-75.7500531,  36.1872486,    -3.49,   302.00,  1028.00
-75.7499264,  36.1872823,    -3.71,   314.00,  1028.00
-75.7497996,  36.1873160,    -3.90,   326.00,  1028.00
-75.7496728,  36.1873496,    -4.05,   338.00,  1028.00
-75.7495461,  36.1873833,    -4.17,   350.00,  1028.00
-75.7494193,  36.1874170,    -4.28,   362.00,  1028.00
-75.7492925,  36.1874506,    -4.37,   374.00,  1028.00
-75.7491657,  36.1874843,    -4.45,   386.00,  1028.00
-75.7490390,  36.1875180,    -4.49,   398.00,  1028.00
-75.7489122,  36.1875516,    -4.56,   410.00,  1028.00
-75.7487854,  36.1875853,    -4.60,   422.00,  1028.00
-75.7486587,  36.1876190,    -4.65,   434.00,  1028.00
-75.7485319,  36.1876527,    -4.70,   446.00,  1028.00
-75.7484051,  36.1876863,    -4.77,   458.00,  1028.00
-75.7482784,  36.1877200,    -4.83,   470.00,  1028.00
-75.7481516,  36.1877537,    -4.91,   482.00,  1028.00
-75.7480248,  36.1877873,    -4.99,   494.00,  1028.00
-75.7478981,  36.1878210,    -5.07,   506.00,  1028.00
-75.7477713,  36.1878547,    -5.17,   518.00,  1028.00
-75.7476445,  36.1878883,    -5.27,   530.00,  1028.00
-75.7475177,  36.1879220,    -5.36,   542.00,  1028.00
-75.7473910,  36.1879557,    -5.47,   554.00,  1028.00
-75.7472642,  36.1879893,    -5.57,   566.00,  1028.00
-75.7471374,  36.1880230,    -5.67,   578.00,  1028.00
-75.7470107,  36.1880567,    -5.78,   590.00,  1028.00
-75.7468839,  36.1880903,    -5.88,   602.00,  1028.00
-75.7467571,  36.1881240,    -5.98,   614.00,  1028.00
-75.7466304,  36.1881577,    -6.08,   626.00,  1028.00
-75.7465036,  36.1881913,    -6.18,   638.00,  1028.00
-75.7463768,  36.1882250,    -6.28,   650.00,  1028.00
-75.7462500,  36.1882587,    -6.38,   662.00,  1028.00
-75.7461233,  36.1882923,    -6.48,   674.00,  1028.00
-75.7459965,  36.1883260,    -6.57,   686.00,  1028.00
-75.7458697,  36.1883597,    -6.66,   698.00,  1028.00
-75.7457430,  36.1883934,    -6.75,   710.00,  1028.00
-75.7456162,  36.1884270,    -6.83,   722.00,  1028.00
-75.7454894,  36.1884607,    -6.91,   734.00,  1028.00
-75.7453627,  36.1884944,    -6.98,   746.00,  1028.00
-75.7452359,  36.1885280,    -7.02,   758.00,  1028.00
-75.7451091,  36.1885617,    -7.05,   770.00,  1028.00
-75.7449824,  36.1885954,    -7.06,   782.00,  1028.00
-75.7527983,  36.1867471,     6.18,    50.00,  1052.00
-75.7526716,  36.1867808,     6.11,    62.00,  1052.00
-75.7525448,  36.1868145,     4.63,    74.00,  1052.00
-75.7524180,  36.1868481,     3.41,    86.00,  1052.00
-75.7522913,  36.1868818,     2.86,    98.00,  1052.00
-75.7521645,  36.1869155,     2.57,   110.00,  1052.00
-75.7520377,  36.1869492,     1.35,   122.00,  1052.00
-75.7519110,  36.1869828,     0.23,   134.00,  1052.00
-75.7517842,  36.1870165,    -1.12,   146.00,  1052.00
-75.7516574,  36.1870502,    -2.08,   158.00,  1052.00
-75.7515307,  36.1870838,    -2.62,   170.00,  1052.00
-75.7514039,  36.1871175,    -2.58,   182.00,  1052.00
-75.7512771,  36.1871512,    -2.25,   194.00,  1052.00
-75.7511503,  36.1871848,    -1.94,   206.00,  1052.00
-75.7510236,  36.1872185,    -2.07,   218.00,  1052.00
-75.7508968,  36.1872522,    -2.13,   230.00,  1052.00
-75.7507700,  36.1872858,    -2.12,   242.00,  1052.00
-75.7506433,  36.1873195,    -2.32,   254.00,  1052.00
-75.7505165,  36.1873532,    -2.58,   266.00,  1052.00
-75.7503897,  36.1873868,    -2.86,   278.00,  1052.00
-75.7502630,  36.1874205,    -3.14,   290.00,  1052.00
-75.7501362,  36.1874542,    -3.39,   302.00,  1052.00
-75.7500094,  36.1874878,    -3.63,   314.00,  1052.00
-75.7498827,  36.1875215,    -3.82,   326.00,  1052.00
-75.7497559,  36.1875552,    -3.97,   338.00,  1052.00
-75.7496291,  36.1875888,    -4.13,   350.00,  1052.00
-75.7495023,  36.1876225,    -4.23,   362.00,  1052.00
-75.7493756,  36.1876562,    -4.32,   374.00,  1052.00
-75.7492488,  36.1876899,    -4.41,   386.00,  1052.00
-75.7491220,  36.1877235,    -4.45,   398.00,  1052.00
-75.7489953,  36.1877572,    -4.50,   410.00,  1052.00
-75.7488685,  36.1877909,    -4.59,   422.00,  1052.00
-75.7487417,  36.1878245,    -4.64,   434.00,  1052.00
-75.7486150,  36.1878582,    -4.70,   446.00,  1052.00
-75.7484882,  36.1878919,    -4.76,   458.00,  1052.00
-75.7483614,  36.1879255,    -4.83,   470.00,  1052.00
-75.7482347,  36.1879592,    -4.90,   482.00,  1052.00
-75.7481079,  36.1879929,    -4.99,   494.00,  1052.00
-75.7479811,  36.1880265,    -5.08,   506.00,  1052.00
-75.7478543,  36.1880602,    -5.17,   518.00,  1052.00
-75.7477276,  36.1880939,    -5.27,   530.00,  1052.00
-75.7476008,  36.1881275,    -5.37,   542.00,  1052.00
-75.7474740,  36.1881612,    -5.47,   554.00,  1052.00
-75.7473473,  36.1881949,    -5.57,   566.00,  1052.00
-75.7472205,  36.1882285,    -5.68,   578.00,  1052.00
-75.7470937,  36.1882622,    -5.78,   590.00,  1052.00
-75.7469670,  36.1882959,    -5.88,   602.00,  1052.00
-75.7468402,  36.1883295,    -5.98,   614.00,  1052.00
-75.7467134,  36.1883632,    -6.08,   626.00,  1052.00
-75.7465866,  36.1883969,    -6.18,   638.00,  1052.00
-75.7464599,  36.1884306,    -6.28,   650.00,  1052.00
-75.7463331,  36.1884642,    -6.38,   662.00,  1052.00
-75.7462063,  36.1884979,    -6.47,   674.00,  1052.00
-75.7460796,  36.1885316,    -6.56,   686.00,  1052.00
-75.7459528,  36.1885652,    -6.64,   698.00,  1052.00
-75.7458260,  36.1885989,    -6.72,   710.00,  1052.00
-75.7456993,  36.1886326,    -6.79,   722.00,  1052.00
-75.7455725,  36.1886662,    -6.86,   734.00,  1052.00
-75.7454457,  36.1886999,    -6.91,   746.00,  1052.00
-75.7453190,  36.1887336,    -6.95,   758.00,  1052.00
-75.7451922,  36.1887672,    -6.98,   770.00,  1052.00
-75.7450654,  36.1888009,    -7.00,   782.00,  1052.00
-75.7528814,  36.1869527,     5.70,    50.00,  1076.00
-75.7527546,  36.1869864,     5.21,    62.00,  1076.00
-75.7526279,  36.1870200,     4.52,    74.00,  1076.00
-75.7525011,  36.1870537,     3.71,    86.00,  1076.00
-75.7523743,  36.1870874,     2.99,    98.00,  1076.00
-75.7522476,  36.1871210,     2.28,   110.00,  1076.00
-75.7521208,  36.1871547,     1.42,   122.00,  1076.00
-75.7519940,  36.1871884,     0.12,   134.00,  1076.00
-75.7518673,  36.1872220,    -1.10,   146.00,  1076.00
-75.7517405,  36.1872557,    -1.97,   158.00,  1076.00
-75.7516137,  36.1872894,    -2.48,   170.00,  1076.00
-75.7514869,  36.1873230,    -2.54,   182.00,  1076.00
-75.7513602,  36.1873567,    -2.24,   194.00,  1076.00
-75.7512334,  36.1873904,    -2.02,   206.00,  1076.00
-75.7511066,  36.1874240,    -2.02,   218.00,  1076.00
-75.7509799,  36.1874577,    -2.09,   230.00,  1076.00
-75.7508531,  36.1874914,    -2.17,   242.00,  1076.00
-75.7507263,  36.1875250,    -2.31,   254.00,  1076.00
-75.7505996,  36.1875587,    -2.53,   266.00,  1076.00
-75.7504728,  36.1875924,    -2.80,   278.00,  1076.00
-75.7503460,  36.1876260,    -3.08,   290.00,  1076.00
-75.7502193,  36.1876597,    -3.35,   302.00,  1076.00
-75.7500925,  36.1876934,    -3.59,   314.00,  1076.00
-75.7499657,  36.1877271,    -3.79,   326.00,  1076.00
-75.7498389,  36.1877607,    -3.96,   338.00,  1076.00
-75.7497122,  36.1877944,    -4.10,   350.00,  1076.00
-75.7495854,  36.1878281,    -4.20,   362.00,  1076.00
-75.7494586,  36.1878617,    -4.30,   374.00,  1076.00
-75.7493319,  36.1878954,    -4.37,   386.00,  1076.00
-75.7492051,  36.1879291,    -4.44,   398.00,  1076.00
-75.7490783,  36.1879627,    -4.50,   410.00,  1076.00
-75.7489516,  36.1879964,    -4.56,   422.00,  1076.00
-75.7488248,  36.1880301,    -4.63,   434.00,  1076.00
-75.7486980,  36.1880637,    -4.69,   446.00,  1076.00
-75.7485712,  36.1880974,    -4.76,   458.00,  1076.00
-75.7484445,  36.1881311,    -4.83,   470.00,  1076.00
-75.7483177,  36.1881647,    -4.90,   482.00,  1076.00
-75.7481909,  36.1881984,    -4.98,   494.00,  1076.00
-75.7480642,  36.1882321,    -5.08,   506.00,  1076.00
-75.7479374,  36.1882657,    -5.17,   518.00,  1076.00
-75.7478106,  36.1882994,    -5.27,   530.00,  1076.00
-75.7476839,  36.1883331,    -5.37,   542.00,  1076.00
-75.7475571,  36.1883667,    -5.47,   554.00,  1076.00
-75.7474303,  36.1884004,    -5.58,   566.00,  1076.00
-75.7473036,  36.1884341,    -5.68,   578.00,  1076.00
-75.7471768,  36.1884678,    -5.78,   590.00,  1076.00
-75.7470500,  36.1885014,    -5.88,   602.00,  1076.00
-75.7469232,  36.1885351,    -5.99,   614.00,  1076.00
-75.7467965,  36.1885688,    -6.09,   626.00,  1076.00
-75.7466697,  36.1886024,    -6.19,   638.00,  1076.00
-75.7465429,  36.1886361,    -6.29,   650.00,  1076.00
-75.7464162,  36.1886698,    -6.38,   662.00,  1076.00
-75.7462894,  36.1887034,    -6.48,   674.00,  1076.00
-75.7461626,  36.1887371,    -6.57,   686.00,  1076.00
-75.7460359,  36.1887708,    -6.64,   698.00,  1076.00
-75.7459091,  36.1888044,    -6.71,   710.00,  1076.00
-75.7457823,  36.1888381,    -6.76,   722.00,  1076.00
-75.7456556,  36.1888718,    -6.81,   734.00,  1076.00
-75.7455288,  36.1889054,    -6.86,   746.00,  1076.00
-75.7454020,  36.1889391,    -6.89,   758.00,  1076.00
-75.7452752,  36.1889728,    -6.92,   770.00,  1076.00
-75.7451485,  36.1890064,    -6.94,   782.00,  1076.00
-75.7529645,  36.1871582,     5.21,    50.00,  1100.00
-75.7528377,  36.1871919,     5.56,    62.00,  1100.00
-75.7527109,  36.1872256,     4.75,    74.00,  1100.00
-75.7525842,  36.1872592,     3.56,    86.00,  1100.00
-75.7524574,  36.1872929,     2.88,    98.00,  1100.00
-75.7523306,  36.1873266,     2.63,   110.00,  1100.00
-75.7522039,  36.1873602,     1.37,   122.00,  1100.00
-75.7520771,  36.1873939,     0.08,   134.00,  1100.00
-75.7519503,  36.1874276,    -1.14,   146.00,  1100.00
-75.7518235,  36.1874612,    -2.11,   158.00,  1100.00
-75.7516968,  36.1874949,    -2.58,   170.00,  1100.00
-75.7515700,  36.1875286,    -2.64,   182.00,  1100.00
-75.7514432,  36.1875622,    -2.30,   194.00,  1100.00
-75.7513165,  36.1875959,    -1.87,   206.00,  1100.00
-75.7511897,  36.1876296,    -2.04,   218.00,  1100.00
-75.7510629,  36.1876632,    -2.08,   230.00,  1100.00
-75.7509362,  36.1876969,    -2.14,   242.00,  1100.00
-75.7508094,  36.1877306,    -2.22,   254.00,  1100.00
-75.7506826,  36.1877643,    -2.46,   266.00,  1100.00
-75.7505558,  36.1877979,    -2.76,   278.00,  1100.00
-75.7504291,  36.1878316,    -3.04,   290.00,  1100.00
-75.7503023,  36.1878653,    -3.30,   302.00,  1100.00
-75.7501755,  36.1878989,    -3.57,   314.00,  1100.00
-75.7500488,  36.1879326,    -3.79,   326.00,  1100.00
-75.7499220,  36.1879663,    -3.94,   338.00,  1100.00
-75.7497952,  36.1879999,    -4.09,   350.00,  1100.00
-75.7496685,  36.1880336,    -4.19,   362.00,  1100.00
-75.7495417,  36.1880673,    -4.28,   374.00,  1100.00
-75.7494149,  36.1881009,    -4.35,   386.00,  1100.00
-75.7492882,  36.1881346,    -4.42,   398.00,  1100.00
-75.7491614,  36.1881683,    -4.49,   410.00,  1100.00
-75.7490346,  36.1882019,    -4.55,   422.00,  1100.00
-75.7489078,  36.1882356,    -4.63,   434.00,  1100.00
-75.7487811,  36.1882693,    -4.68,   446.00,  1100.00
-75.7486543,  36.1883029,    -4.75,   458.00,  1100.00
-75.7485275,  36.1883366,    -4.82,   470.00,  1100.00
-75.7484008,  36.1883703,    -4.90,   482.00,  1100.00
-75.7482740,  36.1884039,    -4.98,   494.00,  1100.00
-75.7481472,  36.1884376,    -5.06,   506.00,  1100.00
-75.7480205,  36.1884713,    -5.17,   518.00,  1100.00
-75.7478937,  36.1885050,    -5.27,   530.00,  1100.00
-75.7477669,  36.1885386,    -5.37,   542.00,  1100.00
-75.7476402,  36.1885723,    -5.47,   554.00,  1100.00
-75.7475134,  36.1886060,    -5.58,   566.00,  1100.00
-75.7473866,  36.1886396,    -5.69,   578.00,  1100.00
-75.7472598,  36.1886733,    -5.78,   590.00,  1100.00
-75.7471331,  36.1887070,    -5.88,   602.00,  1100.00
-75.7470063,  36.1887406,    -5.99,   614.00,  1100.00
-75.7468795,  36.1887743,    -6.09,   626.00,  1100.00
-75.7467528,  36.1888080,    -6.19,   638.00,  1100.00
-75.7466260,  36.1888416,    -6.28,   650.00,  1100.00
-75.7464992,  36.1888753,    -6.39,   662.00,  1100.00
-75.7463725,  36.1889090,    -6.49,   674.00,  1100.00
-75.7462457,  36.1889426,    -6.58,   686.00,  1100.00
-75.7461189,  36.1889763,    -6.66,   698.00,  1100.00
-75.7459922,  36.1890100,    -6.70,   710.00,  1100.00
-75.7458654,  36.1890436,    -6.75,   722.00,  1100.00
-75.7457386,  36.1890773,    -6.80,   734.00,  1100.00
-75.7456118,  36.1891110,    -6.85,   746.00,  1100.00
-75.7454851,  36.1891446,    -6.89,   758.00,  1100.00
-75.7453583,  36.1891783,    -6.91,   770.00,  1100.00
-75.7452315,  36.1892120,    -6.93,   782.00,  1100.00
