-75.7517186,  36.1840751,     6.63,    50.00,   740.00
-75.7515918,  36.1841088,     4.92,    62.00,   740.00
-75.7514650,  36.1841425,     3.02,    74.00,   740.00
-75.7513382,  36.1841761,     1.61,    86.00,   740.00
-75.7512115,  36.1842098,     0.67,    98.00,   740.00
-75.7510847,  36.1842435,    -0.17,   110.00,   740.00
-75.7509579,  36.1842771,    -0.77,   122.00,   740.00
-75.7508312,  36.1843108,    -1.20,   134.00,   740.00
-75.7507044,  36.1843445,    -1.55,   146.00,   740.00
-75.7505776,  36.1843781,    -1.77,   158.00,   740.00
-75.7504509,  36.1844118,    -1.82,   170.00,   740.00
-75.7503241,  36.1844455,    -1.89,   182.00,   740.00
-75.7501973,  36.1844791,    -2.06,   194.00,   740.00
-75.7500706,  36.1845128,    -2.35,   206.00,   740.00
-75.7499438,  36.1845465,    -2.73,   218.00,   740.00
-75.7498170,  36.1845801,    -3.09,   230.00,   740.00
-75.7496902,  36.1846138,    -3.38,   242.00,   740.00
-75.7495635,  36.1846475,    -3.60,   254.00,   740.00
-75.7494367,  36.1846811,    -3.79,   266.00,   740.00
-75.7493099,  36.1847148,    -3.93,   278.00,   740.00
-75.7491832,  36.1847485,    -4.03,   290.00,   740.00
-75.7490564,  36.1847821,    -4.14,   302.00,   740.00
-75.7489296,  36.1848158,    -4.23,   314.00,   740.00
-75.7488029,  36.1848495,    -4.31,   326.00,   740.00
-75.7486761,  36.1848832,    -4.38,   338.00,   740.00
-75.7485493,  36.1849168,    -4.45,   350.00,   740.00
-75.7484226,  36.1849505,    -4.53,   362.00,   740.00
-75.7482958,  36.1849842,    -4.59,   374.00,   740.00
-75.7481690,  36.1850178,    -4.64,   386.00,   740.00
-75.7480422,  36.1850515,    -4.67,   398.00,   740.00
-75.7479155,  36.1850852,    -4.70,   410.00,   740.00
-75.7477887,  36.1851188,    -4.74,   422.00,   740.00
-75.7476619,  36.1851525,    -4.78,   434.00,   740.00
-75.7475352,  36.1851862,    -4.83,   446.00,   740.00
-75.7474084,  36.1852198,    -4.86,   458.00,   740.00
-75.7472816,  36.1852535,    -4.89,   470.00,   740.00
-75.7471549,  36.1852872,    -4.93,   482.00,   740.00
-75.7470281,  36.1853208,    -4.98,   494.00,   740.00
-75.7469013,  36.1853545,    -5.02,   506.00,   740.00
-75.7467746,  36.1853882,    -5.05,   518.00,   740.00
-75.7466478,  36.1854218,    -5.12,   530.00,   740.00
-75.7465210,  36.1854555,    -5.19,   542.00,   740.00
-75.7463942,  36.1854892,    -5.24,   554.00,   740.00
-75.7462675,  36.1855228,    -5.30,   566.00,   740.00
-75.7461407,  36.1855565,    -5.38,   578.00,   740.00
-75.7460139,  36.1855902,    -5.45,   590.00,   740.00
-75.7458872,  36.1856239,    -5.51,   602.00,   740.00
-75.7457604,  36.1856575,    -5.57,   614.00,   740.00
-75.7456336,  36.1856912,    -5.66,   626.00,   740.00
-75.7455069,  36.1857249,    -5.78,   638.00,   740.00
-75.7453801,  36.1857585,    -5.81,   650.00,   740.00
-75.7452533,  36.1857922,    -5.87,   662.00,   740.00
-75.7451266,  36.1858259,    -6.52,   674.00,   740.00
-75.7449998,  36.1858595,    -6.58,   686.00,   740.00
-75.7448730,  36.1858932,    -6.63,   698.00,   740.00
-75.7447462,  36.1859269,    -6.67,   710.00,   740.00
-75.7446195,  36.1859605,    -6.70,   722.00,   740.00
-75.7444927,  36.1859942,    -6.77,   734.00,   740.00
-75.7443659,  36.1860279,    -6.81,   746.00,   740.00
-75.7518016,  36.1842807,     7.00,    50.00,   764.00
-75.7516748,  36.1843143,     4.93,    62.00,   764.00
-75.7515481,  36.1843480,     2.55,    74.00,   764.00
-75.7514213,  36.1843817,     1.09,    86.00,   764.00
-75.7512945,  36.1844153,     0.21,    98.00,   764.00
-75.7511678,  36.1844490,    -0.45,   110.00,   764.00
-75.7510410,  36.1844827,    -0.89,   122.00,   764.00
-75.7509142,  36.1845163,    -1.25,   134.00,   764.00
-75.7507875,  36.1845500,    -1.57,   146.00,   764.00
-75.7506607,  36.1845837,    -1.76,   158.00,   764.00
-75.7505339,  36.1846173,    -1.75,   170.00,   764.00
-75.7504072,  36.1846510,    -1.76,   182.00,   764.00
-75.7502804,  36.1846847,    -1.84,   194.00,   764.00
-75.7501536,  36.1847183,    -2.20,   206.00,   764.00
-75.7500268,  36.1847520,    -2.77,   218.00,   764.00
-75.7499001,  36.1847857,    -3.22,   230.00,   764.00
-75.7497733,  36.1848193,    -3.52,   242.00,   764.00
-75.7496465,  36.1848530,    -3.73,   254.00,   764.00
-75.7495198,  36.1848867,    -3.87,   266.00,   764.00
-75.7493930,  36.1849204,    -3.97,   278.00,   764.00
-75.7492662,  36.1849540,    -4.05,   290.00,   764.00
-75.7491395,  36.1849877,    -4.14,   302.00,   764.00
-75.7490127,  36.1850214,    -4.23,   314.00,   764.00
-75.7488859,  36.1850550,    -4.30,   326.00,   764.00
-75.7487592,  36.1850887,    -4.38,   338.00,   764.00
-75.7486324,  36.1851224,    -4.47,   350.00,   764.00
-75.7485056,  36.1851560,    -4.58,   362.00,   764.00
-75.7483788,  36.1851897,    -4.66,   374.00,   764.00
-75.7482521,  36.1852234,    -4.70,   386.00,   764.00
-75.7481253,  36.1852570,    -4.74,   398.00,   764.00
-75.7479985,  36.1852907,    -4.77,   410.00,   764.00
-75.7478718,  36.1853244,    -4.80,   422.00,   764.00
-75.7477450,  36.1853580,    -4.83,   434.00,   764.00
-75.7476182,  36.1853917,    -4.88,   446.00,   764.00
-75.7474915,  36.1854254,    -4.90,   458.00,   764.00
-75.7473647,  36.1854590,    -4.94,   470.00,   764.00
-75.7472379,  36.1854927,    -4.98,   482.00,   764.00
-75.7471112,  36.1855264,    -5.04,   494.00,   764.00
-75.7469844,  36.1855600,    -5.08,   506.00,   764.00
-75.7468576,  36.1855937,    -5.12,   518.00,   764.00
-75.7467308,  36.1856274,    -5.19,   530.00,   764.00
-75.7466041,  36.1856611,    -5.25,   542.00,   764.00
-75.7464773,  36.1856947,    -5.30,   554.00,   764.00
-75.7463505,  36.1857284,    -5.36,   566.00,   764.00
-75.7462238,  36.1857621,    -5.45,   578.00,   764.00
-75.7460970,  36.1857957,    -5.52,   590.00,   764.00
-75.7459702,  36.1858294,    -5.56,   602.00,   764.00
-75.7458435,  36.1858631,    -5.62,   614.00,   764.00
-75.7457167,  36.1858967,    -5.71,   626.00,   764.00
-75.7455899,  36.1859304,    -5.80,   638.00,   764.00
-75.7454632,  36.1859641,    -5.82,   650.00,   764.00
-75.7453364,  36.1859977,    -5.90,   662.00,   764.00
-75.7452096,  36.1860314,    -5.94,   674.00,   764.00
-75.7450828,  36.1860651,    -5.99,   686.00,   764.00
-75.7449561,  36.1860987,    -6.03,   698.00,   764.00
-75.7448293,  36.1861324,    -6.07,   710.00,   764.00
-75.7447025,  36.1861661,    -6.11,   722.00,   764.00
-75.7445758,  36.1861997,    -6.14,   734.00,   764.00
-75.7444490,  36.1862334,    -6.17,   746.00,   764.00
-75.7518847,  36.1844862,     6.65,    50.00,   788.00
-75.7517579,  36.1845199,     4.88,    62.00,   788.00
-75.7516311,  36.1845535,     2.67,    74.00,   788.00
-75.7515044,  36.1845872,     1.32,    86.00,   788.00
-75.7513776,  36.1846209,     0.48,    98.00,   788.00
-75.7512508,  36.1846545,    -0.27,   110.00,   788.00
-75.7511241,  36.1846882,    -0.79,   122.00,   788.00
-75.7509973,  36.1847219,    -1.13,   134.00,   788.00
-75.7508705,  36.1847555,    -1.34,   146.00,   788.00
-75.7507438,  36.1847892,    -1.57,   158.00,   788.00
-75.7506170,  36.1848229,    -1.80,   170.00,   788.00
-75.7504902,  36.1848565,    -1.89,   182.00,   788.00
-75.7503634,  36.1848902,    -1.92,   194.00,   788.00
-75.7502367,  36.1849239,    -2.23,   206.00,   788.00
-75.7501099,  36.1849576,    -2.79,   218.00,   788.00
-75.7499831,  36.1849912,    -3.23,   230.00,   788.00
-75.7498564,  36.1850249,    -3.53,   242.00,   788.00
-75.7497296,  36.1850586,    -3.74,   254.00,   788.00
-75.7496028,  36.1850922,    -3.88,   266.00,   788.00
-75.7494761,  36.1851259,    -3.97,   278.00,   788.00
-75.7493493,  36.1851596,    -4.05,   290.00,   788.00
-75.7492225,  36.1851932,    -4.15,   302.00,   788.00
-75.7490958,  36.1852269,    -4.24,   314.00,   788.00
-75.7489690,  36.1852606,    -4.32,   326.00,   788.00
-75.7488422,  36.1852942,    -4.38,   338.00,   788.00
-75.7487154,  36.1853279,    -4.48,   350.00,   788.00
-75.7485887,  36.1853616,    -4.59,   362.00,   788.00
-75.7484619,  36.1853952,    -4.70,   374.00,   788.00
-75.7483351,  36.1854289,    -4.74,   386.00,   788.00
-75.7482084,  36.1854626,    -4.78,   398.00,   788.00
-75.7480816,  36.1854962,    -4.81,   410.00,   788.00
-75.7479548,  36.1855299,    -4.84,   422.00,   788.00
-75.7478281,  36.1855636,    -4.87,   434.00,   788.00
-75.7477013,  36.1855972,    -4.91,   446.00,   788.00
-75.7475745,  36.1856309,    -4.94,   458.00,   788.00
-75.7474478,  36.1856646,    -4.98,   470.00,   788.00
-75.7473210,  36.1856983,    -5.02,   482.00,   788.00
-75.7471942,  36.1857319,    -5.08,   494.00,   788.00
-75.7470674,  36.1857656,    -5.12,   506.00,   788.00
-75.7469407,  36.1857993,    -5.16,   518.00,   788.00
-75.7468139,  36.1858329,    -5.23,   530.00,   788.00
-75.7466871,  36.1858666,    -5.30,   542.00,   788.00
-75.7465604,  36.1859003,    -5.33,   554.00,   788.00
-75.7464336,  36.1859339,    -5.39,   566.00,   788.00
-75.7463068,  36.1859676,    -5.48,   578.00,   788.00
-75.7461801,  36.1860013,    -5.54,   590.00,   788.00
-75.7460533,  36.1860349,    -5.61,   602.00,   788.00
-75.7459265,  36.1860686,    -5.68,   614.00,   788.00
-75.7457998,  36.1861023,    -5.77,   626.00,   788.00
-75.7456730,  36.1861359,    -5.86,   638.00,   788.00
-75.7455462,  36.1861696,    -5.90,   650.00,   788.00
-75.7454194,  36.1862033,    -5.97,   662.00,   788.00
-75.7452927,  36.1862369,    -6.02,   674.00,   788.00
-75.7451659,  36.1862706,    -6.07,   686.00,   788.00
-75.7450391,  36.1863043,    -6.11,   698.00,   788.00
-75.7449124,  36.1863379,    -6.15,   710.00,   788.00
-75.7447856,  36.1863716,    -6.19,   722.00,   788.00
-75.7446588,  36.1864053,    -6.23,   734.00,   788.00
-75.7445321,  36.1864389,    -6.26,   746.00,   788.00
-75.7519677,  36.1846917,     7.00,    50.00,   812.00
-75.7518410,  36.1847254,     4.98,    62.00,   812.00
-75.7517142,  36.1847591,     2.67,    74.00,   812.00
-75.7515874,  36.1847927,     1.45,    86.00,   812.00
-75.7514607,  36.1848264,     0.75,    98.00,   812.00
-75.7513339,  36.1848601,    -0.09,   110.00,   812.00
-75.7512071,  36.1848937,    -0.79,   122.00,   812.00
-75.7510804,  36.1849274,    -1.16,   134.00,   812.00
-75.7509536,  36.1849611,    -1.42,   146.00,   812.00
-75.7508268,  36.1849948,    -1.66,   158.00,   812.00
-75.7507000,  36.1850284,    -1.85,   170.00,   812.00
-75.7505733,  36.1850621,    -1.92,   182.00,   812.00
-75.7504465,  36.1850958,    -1.92,   194.00,   812.00
-75.7503197,  36.1851294,    -2.16,   206.00,   812.00
-75.7501930,  36.1851631,    -2.70,   218.00,   812.00
-75.7500662,  36.1851968,    -3.16,   230.00,   812.00
-75.7499394,  36.1852304,    -3.48,   242.00,   812.00
-75.7498127,  36.1852641,    -3.70,   254.00,   812.00
-75.7496859,  36.1852978,    -3.85,   266.00,   812.00
-75.7495591,  36.1853314,    -3.95,   278.00,   812.00
-75.7494324,  36.1853651,    -4.04,   290.00,   812.00
-75.7493056,  36.1853988,    -4.13,   302.00,   812.00
-75.7491788,  36.1854324,    -4.21,   314.00,   812.00
-75.7490520,  36.1854661,    -4.30,   326.00,   812.00
-75.7489253,  36.1854998,    -4.38,   338.00,   812.00
-75.7487985,  36.1855334,    -4.47,   350.00,   812.00
-75.7486717,  36.1855671,    -4.56,   362.00,   812.00
-75.7485450,  36.1856008,    -4.63,   374.00,   812.00
-75.7484182,  36.1856344,    -4.71,   386.00,   812.00
-75.7482914,  36.1856681,    -4.78,   398.00,   812.00
-75.7481647,  36.1857018,    -4.83,   410.00,   812.00
-75.7480379,  36.1857355,    -4.86,   422.00,   812.00
-75.7479111,  36.1857691,    -4.88,   434.00,   812.00
-75.7477844,  36.1858028,    -4.93,   446.00,   812.00
-75.7476576,  36.1858365,    -4.96,   458.00,   812.00
-75.7475308,  36.1858701,    -5.00,   470.00,   812.00
-75.7474040,  36.1859038,    -5.05,   482.00,   812.00
-75.7472773,  36.1859375,    -5.11,   494.00,   812.00
-75.7471505,  36.1859711,    -5.15,   506.00,   812.00
-75.7470237,  36.1860048,    -5.17,   518.00,   812.00
-75.7468970,  36.1860385,    -5.24,   530.00,   812.00
-75.7467702,  36.1860721,    -5.31,   542.00,   812.00
-75.7466434,  36.1861058,    -5.36,   554.00,   812.00
-75.7465167,  36.1861395,    -5.43,   566.00,   812.00
-75.7463899,  36.1861731,    -5.51,   578.00,   812.00
-75.7462631,  36.1862068,    -5.58,   590.00,   812.00
-75.7461364,  36.1862405,    -5.64,   602.00,   812.00
-75.7460096,  36.1862741,    -5.71,   614.00,   812.00
-75.7458828,  36.1863078,    -5.82,   626.00,   812.00
-75.7457560,  36.1863415,    -5.89,   638.00,   812.00
-75.7456293,  36.1863751,    -5.93,   650.00,   812.00
-75.7455025,  36.1864088,    -6.01,   662.00,   812.00
-75.7453757,  36.1864425,    -6.06,   674.00,   812.00
-75.7452490,  36.1864761,    -6.11,   686.00,   812.00
-75.7451222,  36.1865098,    -6.16,   698.00,   812.00
-75.7449954,  36.1865435,    -6.20,   710.00,   812.00
-75.7448687,  36.1865772,    -6.24,   722.00,   812.00
-75.7447419,  36.1866108,    -6.28,   734.00,   812.00
-75.7446151,  36.1866445,    -6.32,   746.00,   812.00
-75.7520508,  36.1848973,     7.56,    50.00,   836.00
-75.7519240,  36.1849309,     5.24,    62.00,   836.00
-75.7517973,  36.1849646,     2.84,    74.00,   836.00
-75.7516705,  36.1849983,     1.59,    86.00,   836.00
-75.7515437,  36.1850320,     0.79,    98.00,   836.00
-75.7514170,  36.1850656,    -0.12,   110.00,   836.00
-75.7512902,  36.1850993,    -0.89,   122.00,   836.00
-75.7511634,  36.1851330,    -1.31,   134.00,   836.00
-75.7510366,  36.1851666,    -1.57,   146.00,   836.00
-75.7509099,  36.1852003,    -1.74,   158.00,   836.00
-75.7507831,  36.1852340,    -1.87,   170.00,   836.00
-75.7506563,  36.1852676,    -1.90,   182.00,   836.00
-75.7505296,  36.1853013,    -1.91,   194.00,   836.00
-75.7504028,  36.1853350,    -2.13,   206.00,   836.00
-75.7502760,  36.1853686,    -2.65,   218.00,   836.00
-75.7501493,  36.1854023,    -3.14,   230.00,   836.00
-75.7500225,  36.1854360,    -3.47,   242.00,   836.00
-75.7498957,  36.1854696,    -3.69,   254.00,   836.00
-75.7497690,  36.1855033,    -3.84,   266.00,   836.00
-75.7496422,  36.1855370,    -3.94,   278.00,   836.00
-75.7495154,  36.1855706,    -4.04,   290.00,   836.00
-75.7493886,  36.1856043,    -4.11,   302.00,   836.00
-75.7492619,  36.1856380,    -4.19,   314.00,   836.00
-75.7491351,  36.1856716,    -4.27,   326.00,   836.00
-75.7490083,  36.1857053,    -4.37,   338.00,   836.00
-75.7488816,  36.1857390,    -4.45,   350.00,   836.00
-75.7487548,  36.1857727,    -4.52,   362.00,   836.00
-75.7486280,  36.1858063,    -4.60,   374.00,   836.00
-75.7485013,  36.1858400,    -4.67,   386.00,   836.00
-75.7483745,  36.1858737,    -4.74,   398.00,   836.00
-75.7482477,  36.1859073,    -4.80,   410.00,   836.00
-75.7481210,  36.1859410,    -4.85,   422.00,   836.00
-75.7479942,  36.1859747,    -4.89,   434.00,   836.00
-75.7478674,  36.1860083,    -4.94,   446.00,   836.00
-75.7477406,  36.1860420,    -4.98,   458.00,   836.00
-75.7476139,  36.1860757,    -5.02,   470.00,   836.00
-75.7474871,  36.1861093,    -5.06,   482.00,   836.00
-75.7473603,  36.1861430,    -5.13,   494.00,   836.00
-75.7472336,  36.1861767,    -5.18,   506.00,   836.00
-75.7471068,  36.1862103,    -5.22,   518.00,   836.00
-75.7469800,  36.1862440,    -5.29,   530.00,   836.00
-75.7468533,  36.1862777,    -5.36,   542.00,   836.00
-75.7467265,  36.1863113,    -5.42,   554.00,   836.00
-75.7465997,  36.1863450,    -5.48,   566.00,   836.00
-75.7464729,  36.1863787,    -5.57,   578.00,   836.00
-75.7463462,  36.1864123,    -5.64,   590.00,   836.00
-75.7462194,  36.1864460,    -5.72,   602.00,   836.00
-75.7460926,  36.1864797,    -5.81,   614.00,   836.00
-75.7459659,  36.1865133,    -5.90,   626.00,   836.00
-75.7458391,  36.1865470,    -5.97,   638.00,   836.00
-75.7457123,  36.1865807,    -6.02,   650.00,   836.00
-75.7455856,  36.1866144,    -6.10,   662.00,   836.00
-75.7454588,  36.1866480,    -6.15,   674.00,   836.00
-75.7453320,  36.1866817,    -6.20,   686.00,   836.00
-75.7452053,  36.1867154,    -6.25,   698.00,   836.00
-75.7450785,  36.1867490,    -6.29,   710.00,   836.00
-75.7449517,  36.1867827,    -6.34,   722.00,   836.00
-75.7448249,  36.1868164,    -6.38,   734.00,   836.00
-75.7446982,  36.1868500,    -6.41,   746.00,   836.00
-75.7521339,  36.1851028,     7.57,    50.00,   860.00
-75.7520071,  36.1851365,     5.31,    62.00,   860.00
-75.7518803,  36.1851702,     2.98,    74.00,   860.00
-75.7517536,  36.1852038,     1.90,    86.00,   860.00
-75.7516268,  36.1852375,     0.88,    98.00,   860.00
-75.7515000,  36.1852712,    -0.15,   110.00,   860.00
-75.7513732,  36.1853048,    -1.00,   122.00,   860.00
-75.7512465,  36.1853385,    -1.41,   134.00,   860.00
-75.7511197,  36.1853722,    -1.66,   146.00,   860.00
-75.7509929,  36.1854058,    -1.80,   158.00,   860.00
-75.7508662,  36.1854395,    -1.93,   170.00,   860.00
-75.7507394,  36.1854732,    -1.88,   182.00,   860.00
-75.7506126,  36.1855068,    -1.84,   194.00,   860.00
-75.7504859,  36.1855405,    -2.04,   206.00,   860.00
-75.7503591,  36.1855742,    -2.57,   218.00,   860.00
-75.7502323,  36.1856078,    -3.10,   230.00,   860.00
-75.7501056,  36.1856415,    -3.45,   242.00,   860.00
-75.7499788,  36.1856752,    -3.67,   254.00,   860.00
-75.7498520,  36.1857088,    -3.82,   266.00,   860.00
-75.7497252,  36.1857425,    -3.92,   278.00,   860.00
-75.7495985,  36.1857762,    -4.01,   290.00,   860.00
-75.7494717,  36.1858099,    -4.09,   302.00,   860.00
-75.7493449,  36.1858435,    -4.18,   314.00,   860.00
-75.7492182,  36.1858772,    -4.26,   326.00,   860.00
-75.7490914,  36.1859109,    -4.36,   338.00,   860.00
-75.7489646,  36.1859445,    -4.45,   350.00,   860.00
-75.7488379,  36.1859782,    -4.53,   362.00,   860.00
-75.7487111,  36.1860119,    -4.62,   374.00,   860.00
-75.7485843,  36.1860455,    -4.67,   386.00,   860.00
-75.7484576,  36.1860792,    -4.73,   398.00,   860.00
-75.7483308,  36.1861129,    -4.79,   410.00,   860.00
-75.7482040,  36.1861465,    -4.85,   422.00,   860.00
-75.7480772,  36.1861802,    -4.90,   434.00,   860.00
-75.7479505,  36.1862139,    -4.95,   446.00,   860.00
-75.7478237,  36.1862475,    -4.99,   458.00,   860.00
-75.7476969,  36.1862812,    -5.04,   470.00,   860.00
-75.7475702,  36.1863149,    -5.09,   482.00,   860.00
-75.7474434,  36.1863485,    -5.15,   494.00,   860.00
-75.7473166,  36.1863822,    -5.20,   506.00,   860.00
-75.7471899,  36.1864159,    -5.25,   518.00,   860.00
-75.7470631,  36.1864495,    -5.32,   530.00,   860.00
-75.7469363,  36.1864832,    -5.39,   542.00,   860.00
-75.7468095,  36.1865169,    -5.46,   554.00,   860.00
-75.7466828,  36.1865505,    -5.52,   566.00,   860.00
-75.7465560,  36.1865842,    -5.62,   578.00,   860.00
-75.7464292,  36.1866179,    -5.69,   590.00,   860.00
-75.7463025,  36.1866516,    -5.79,   602.00,   860.00
-75.7461757,  36.1866852,    -5.86,   614.00,   860.00
-75.7460489,  36.1867189,    -5.95,   626.00,   860.00
-75.7459222,  36.1867526,    -6.02,   638.00,   860.00
-75.7457954,  36.1867862,    -6.08,   650.00,   860.00
-75.7456686,  36.1868199,    -6.16,   662.00,   860.00
-75.7455419,  36.1868536,    -6.21,   674.00,   860.00
-75.7454151,  36.1868872,    -6.27,   686.00,   860.00
-75.7452883,  36.1869209,    -6.32,   698.00,   860.00
-75.7451615,  36.1869546,    -6.37,   710.00,   860.00
-75.7450348,  36.1869882,    -6.41,   722.00,   860.00
-75.7449080,  36.1870219,    -6.45,   734.00,   860.00
-75.7447812,  36.1870556,    -6.49,   746.00,   860.00
-75.7522169,  36.1853084,     7.07,    50.00,   884.00
-75.7520902,  36.1853420,     5.51,    62.00,   884.00
-75.7519634,  36.1853757,     3.19,    74.00,   884.00
-75.7518366,  36.1854094,     1.97,    86.00,   884.00
-75.7517098,  36.1854430,     0.86,    98.00,   884.00
-75.7515831,  36.1854767,    -0.18,   110.00,   884.00
-75.7514563,  36.1855104,    -1.05,   122.00,   884.00
-75.7513295,  36.1855440,    -1.57,   134.00,   884.00
-75.7512028,  36.1855777,    -1.93,   146.00,   884.00
-75.7510760,  36.1856114,    -2.16,   158.00,   884.00
-75.7509492,  36.1856450,    -2.07,   170.00,   884.00
-75.7508225,  36.1856787,    -1.90,   182.00,   884.00
-75.7506957,  36.1857124,    -1.83,   194.00,   884.00
-75.7505689,  36.1857460,    -2.03,   206.00,   884.00
-75.7504422,  36.1857797,    -2.54,   218.00,   884.00
-75.7503154,  36.1858134,    -3.07,   230.00,   884.00
-75.7501886,  36.1858471,    -3.45,   242.00,   884.00
-75.7500618,  36.1858807,    -3.67,   254.00,   884.00
-75.7499351,  36.1859144,    -3.84,   266.00,   884.00
-75.7498083,  36.1859481,    -3.95,   278.00,   884.00
-75.7496815,  36.1859817,    -4.03,   290.00,   884.00
-75.7495548,  36.1860154,    -4.11,   302.00,   884.00
-75.7494280,  36.1860491,    -4.17,   314.00,   884.00
-75.7493012,  36.1860827,    -4.27,   326.00,   884.00
-75.7491745,  36.1861164,    -4.35,   338.00,   884.00
-75.7490477,  36.1861501,    -4.45,   350.00,   884.00
-75.7489209,  36.1861837,    -4.54,   362.00,   884.00
-75.7487941,  36.1862174,    -4.62,   374.00,   884.00
-75.7486674,  36.1862511,    -4.69,   386.00,   884.00
-75.7485406,  36.1862847,    -4.75,   398.00,   884.00
-75.7484138,  36.1863184,    -4.81,   410.00,   884.00
-75.7482871,  36.1863521,    -4.86,   422.00,   884.00
-75.7481603,  36.1863857,    -4.91,   434.00,   884.00
-75.7480335,  36.1864194,    -4.96,   446.00,   884.00
-75.7479068,  36.1864531,    -5.00,   458.00,   884.00
-75.7477800,  36.1864867,    -5.06,   470.00,   884.00
-75.7476532,  36.1865204,    -5.11,   482.00,   884.00
-75.7475265,  36.1865541,    -5.17,   494.00,   884.00
-75.7473997,  36.1865877,    -5.23,   506.00,   884.00
-75.7472729,  36.1866214,    -5.27,   518.00,   884.00
-75.7471461,  36.1866551,    -5.35,   530.00,   884.00
-75.7470194,  36.1866888,    -5.44,   542.00,   884.00
-75.7468926,  36.1867224,    -5.50,   554.00,   884.00
-75.7467658,  36.1867561,    -5.57,   566.00,   884.00
-75.7466391,  36.1867898,    -5.66,   578.00,   884.00
-75.7465123,  36.1868234,    -5.76,   590.00,   884.00
-75.7463855,  36.1868571,    -5.84,   602.00,   884.00
-75.7462588,  36.1868908,    -5.91,   614.00,   884.00
-75.7461320,  36.1869244,    -6.00,   626.00,   884.00
-75.7460052,  36.1869581,    -6.08,   638.00,   884.00
-75.7458785,  36.1869918,    -6.14,   650.00,   884.00
-75.7457517,  36.1870254,    -6.22,   662.00,   884.00
-75.7456249,  36.1870591,    -6.28,   674.00,   884.00
-75.7454981,  36.1870928,    -6.34,   686.00,   884.00
-75.7453714,  36.1871264,    -6.39,   698.00,   884.00
-75.7452446,  36.1871601,    -6.44,   710.00,   884.00
-75.7451178,  36.1871938,    -6.49,   722.00,   884.00
-75.7449911,  36.1872274,    -6.53,   734.00,   884.00
-75.7448643,  36.1872611,    -6.57,   746.00,   884.00
-75.7523000,  36.1855139,     6.99,    50.00,   908.00
-75.7521732,  36.1855476,     5.65,    62.00,   908.00
-75.7520464,  36.1855812,     3.37,    74.00,   908.00
-75.7519197,  36.1856149,     2.22,    86.00,   908.00
-75.7517929,  36.1856486,     0.99,    98.00,   908.00
-75.7516661,  36.1856822,    -0.16,   110.00,   908.00
-75.7515394,  36.1857159,    -1.10,   122.00,   908.00
-75.7514126,  36.1857496,    -1.60,   134.00,   908.00
-75.7512858,  36.1857832,    -1.98,   146.00,   908.00
-75.7511591,  36.1858169,    -2.17,   158.00,   908.00
-75.7510323,  36.1858506,    -2.14,   170.00,   908.00
-75.7509055,  36.1858843,    -1.95,   182.00,   908.00
-75.7507787,  36.1859179,    -1.77,   194.00,   908.00
-75.7506520,  36.1859516,    -1.95,   206.00,   908.00
-75.7505252,  36.1859853,    -2.38,   218.00,   908.00
-75.7503984,  36.1860189,    -2.93,   230.00,   908.00
-75.7502717,  36.1860526,    -3.37,   242.00,   908.00
-75.7501449,  36.1860863,    -3.63,   254.00,   908.00
-75.7500181,  36.1861199,    -3.79,   266.00,   908.00
-75.7498914,  36.1861536,    -3.91,   278.00,   908.00
-75.7497646,  36.1861873,    -4.00,   290.00,   908.00
-75.7496378,  36.1862209,    -4.08,   302.00,   908.00
-75.7495111,  36.1862546,    -4.16,   314.00,   908.00
-75.7493843,  36.1862883,    -4.22,   326.00,   908.00
-75.7492575,  36.1863219,    -4.31,   338.00,   908.00
-75.7491307,  36.1863556,    -4.44,   350.00,   908.00
-75.7490040,  36.1863893,    -4.50,   362.00,   908.00
-75.7488772,  36.1864229,    -4.56,   374.00,   908.00
-75.7487504,  36.1864566,    -4.64,   386.00,   908.00
-75.7486237,  36.1864903,    -4.75,   398.00,   908.00
-75.7484969,  36.1865239,    -4.83,   410.00,   908.00
-75.7483701,  36.1865576,    -4.88,   422.00,   908.00
-75.7482434,  36.1865913,    -4.92,   434.00,   908.00
-75.7481166,  36.1866249,    -4.97,   446.00,   908.00
-75.7479898,  36.1866586,    -5.01,   458.00,   908.00
-75.7478631,  36.1866923,    -5.07,   470.00,   908.00
-75.7477363,  36.1867260,    -5.13,   482.00,   908.00
-75.7476095,  36.1867596,    -5.19,   494.00,   908.00
-75.7474827,  36.1867933,    -5.25,   506.00,   908.00
-75.7473560,  36.1868270,    -5.32,   518.00,   908.00
-75.7472292,  36.1868606,    -5.40,   530.00,   908.00
-75.7471024,  36.1868943,    -5.48,   542.00,   908.00
-75.7469757,  36.1869280,    -5.56,   554.00,   908.00
-75.7468489,  36.1869616,    -5.63,   566.00,   908.00
-75.7467221,  36.1869953,    -5.74,   578.00,   908.00
-75.7465954,  36.1870290,    -5.82,   590.00,   908.00
-75.7464686,  36.1870626,    -5.90,   602.00,   908.00
-75.7463418,  36.1870963,    -5.97,   614.00,   908.00
-75.7462151,  36.1871300,    -6.06,   626.00,   908.00
-75.7460883,  36.1871636,    -6.14,   638.00,   908.00
-75.7459615,  36.1871973,    -6.21,   650.00,   908.00
-75.7458347,  36.1872310,    -6.29,   662.00,   908.00
-75.7457080,  36.1872646,    -6.35,   674.00,   908.00
-75.7455812,  36.1872983,    -6.41,   686.00,   908.00
-75.7454544,  36.1873320,    -6.47,   698.00,   908.00
-75.7453277,  36.1873656,    -6.52,   710.00,   908.00
-75.7452009,  36.1873993,    -6.57,   722.00,   908.00
-75.7450741,  36.1874330,    -6.62,   734.00,   908.00
-75.7449474,  36.1874667,    -6.66,   746.00,   908.00
-75.7523830,  36.1857194,     6.88,    50.00,   932.00
-75.7522563,  36.1857531,     5.54,    62.00,   932.00
-75.7521295,  36.1857868,     3.85,    74.00,   932.00
-75.7520027,  36.1858204,     2.37,    86.00,   932.00
-75.7518760,  36.1858541,     1.08,    98.00,   932.00
-75.7517492,  36.1858878,    -0.17,   110.00,   932.00
-75.7516224,  36.1859215,    -1.02,   122.00,   932.00
-75.7514957,  36.1859551,    -1.59,   134.00,   932.00
-75.7513689,  36.1859888,    -2.06,   146.00,   932.00
-75.7512421,  36.1860225,    -2.35,   158.00,   932.00
-75.7511153,  36.1860561,    -2.27,   170.00,   932.00
-75.7509886,  36.1860898,    -1.91,   182.00,   932.00
-75.7508618,  36.1861235,    -1.71,   194.00,   932.00
-75.7507350,  36.1861571,    -1.93,   206.00,   932.00
-75.7506083,  36.1861908,    -2.28,   218.00,   932.00
-75.7504815,  36.1862245,    -2.79,   230.00,   932.00
-75.7503547,  36.1862581,    -3.28,   242.00,   932.00
-75.7502280,  36.1862918,    -3.59,   254.00,   932.00
-75.7501012,  36.1863255,    -3.76,   266.00,   932.00
-75.7499744,  36.1863591,    -3.89,   278.00,   932.00
-75.7498477,  36.1863928,    -3.98,   290.00,   932.00
-75.7497209,  36.1864265,    -4.06,   302.00,   932.00
-75.7495941,  36.1864601,    -4.15,   314.00,   932.00
-75.7494673,  36.1864938,    -4.24,   326.00,   932.00
-75.7493406,  36.1865275,    -4.31,   338.00,   932.00
-75.7492138,  36.1865611,    -4.42,   350.00,   932.00
-75.7490870,  36.1865948,    -4.53,   362.00,   932.00
-75.7489603,  36.1866285,    -4.58,   374.00,   932.00
-75.7488335,  36.1866621,    -4.67,   386.00,   932.00
-75.7487067,  36.1866958,    -4.76,   398.00,   932.00
-75.7485800,  36.1867295,    -4.85,   410.00,   932.00
-75.7484532,  36.1867632,    -4.87,   422.00,   932.00
-75.7483264,  36.1867968,    -4.94,   434.00,   932.00
-75.7481997,  36.1868305,    -4.98,   446.00,   932.00
-75.7480729,  36.1868642,    -5.02,   458.00,   932.00
-75.7479461,  36.1868978,    -5.08,   470.00,   932.00
-75.7478193,  36.1869315,    -5.15,   482.00,   932.00
-75.7476926,  36.1869652,    -5.22,   494.00,   932.00
-75.7475658,  36.1869988,    -5.30,   506.00,   932.00
-75.7474390,  36.1870325,    -5.37,   518.00,   932.00
-75.7473123,  36.1870662,    -5.45,   530.00,   932.00
-75.7471855,  36.1870998,    -5.53,   542.00,   932.00
-75.7470587,  36.1871335,    -5.60,   554.00,   932.00
-75.7469320,  36.1871672,    -5.70,   566.00,   932.00
-75.7468052,  36.1872008,    -5.79,   578.00,   932.00
-75.7466784,  36.1872345,    -5.87,   590.00,   932.00
-75.7465517,  36.1872682,    -5.96,   602.00,   932.00
-75.7464249,  36.1873018,    -6.03,   614.00,   932.00
-75.7462981,  36.1873355,    -6.12,   626.00,   932.00
-75.7461713,  36.1873692,    -6.21,   638.00,   932.00
-75.7460446,  36.1874028,    -6.28,   650.00,   932.00
-75.7459178,  36.1874365,    -6.36,   662.00,   932.00
-75.7457910,  36.1874702,    -6.43,   674.00,   932.00
-75.7456643,  36.1875039,    -6.50,   686.00,   932.00
-75.7455375,  36.1875375,    -6.56,   698.00,   932.00
-75.7454107,  36.1875712,    -6.61,   710.00,   932.00
-75.7452840,  36.1876049,    -6.67,   722.00,   932.00
-75.7451572,  36.1876385,    -6.71,   734.00,   932.00
-75.7450304,  36.1876722,    -6.75,   746.00,   932.00
-75.7524661,  36.1859250,     6.74,    50.00,   956.00
-75.7523393,  36.1859587,     6.75,    62.00,   956.00
-75.7522126,  36.1859923,     3.29,    74.00,   956.00
-75.7520858,  36.1860260,     2.43,    86.00,   956.00
-75.7519590,  36.1860597,     1.39,    98.00,   956.00
-75.7518323,  36.1860933,     0.06,   110.00,   956.00
-75.7517055,  36.1861270,    -0.89,   122.00,   956.00
-75.7515787,  36.1861607,    -1.50,   134.00,   956.00
-75.7514519,  36.1861943,    -2.01,   146.00,   956.00
-75.7513252,  36.1862280,    -2.30,   158.00,   956.00
-75.7511984,  36.1862617,    -1.86,   170.00,   956.00
-75.7510716,  36.1862953,    -1.36,   182.00,   956.00
-75.7509449,  36.1863290,    -1.49,   194.00,   956.00
-75.7508181,  36.1863627,    -1.83,   206.00,   956.00
-75.7506913,  36.1863963,    -2.13,   218.00,   956.00
-75.7505646,  36.1864300,    -2.60,   230.00,   956.00
-75.7504378,  36.1864637,    -3.15,   242.00,   956.00
-75.7503110,  36.1864973,    -3.52,   254.00,   956.00
-75.7501843,  36.1865310,    -3.71,   266.00,   956.00
-75.7500575,  36.1865647,    -3.82,   278.00,   956.00
-75.7499307,  36.1865983,    -3.93,   290.00,   956.00
-75.7498039,  36.1866320,    -4.01,   302.00,   956.00
-75.7496772,  36.1866657,    -4.10,   314.00,   956.00
-75.7495504,  36.1866993,    -4.19,   326.00,   956.00
-75.7494236,  36.1867330,    -4.27,   338.00,   956.00
-75.7492969,  36.1867667,    -4.38,   350.00,   956.00
-75.7491701,  36.1868004,    -4.47,   362.00,   956.00
-75.7490433,  36.1868340,    -4.58,   374.00,   956.00
-75.7489166,  36.1868677,    -4.66,   386.00,   956.00
-75.7487898,  36.1869014,    -4.74,   398.00,   956.00
-75.7486630,  36.1869350,    -4.81,   410.00,   956.00
-75.7485363,  36.1869687,    -4.86,   422.00,   956.00
-75.7484095,  36.1870024,    -4.92,   434.00,   956.00
-75.7482827,  36.1870360,    -4.97,   446.00,   956.00
-75.7481559,  36.1870697,    -5.03,   458.00,   956.00
-75.7480292,  36.1871034,    -5.10,   470.00,   956.00
-75.7479024,  36.1871370,    -5.17,   482.00,   956.00
-75.7477756,  36.1871707,    -5.25,   494.00,   956.00
-75.7476489,  36.1872044,    -5.33,   506.00,   956.00
-75.7475221,  36.1872380,    -5.41,   518.00,   956.00
-75.7473953,  36.1872717,    -5.49,   530.00,   956.00
-75.7472686,  36.1873054,    -5.58,   542.00,   956.00
-75.7471418,  36.1873390,    -5.66,   554.00,   956.00
-75.7470150,  36.1873727,    -5.74,   566.00,   956.00
-75.7468883,  36.1874064,    -5.83,   578.00,   956.00
-75.7467615,  36.1874400,    -5.92,   590.00,   956.00
-75.7466347,  36.1874737,    -6.00,   602.00,   956.00
-75.7465079,  36.1875074,    -6.09,   614.00,   956.00
-75.7463812,  36.1875411,    -6.18,   626.00,   956.00
-75.7462544,  36.1875747,    -6.26,   638.00,   956.00
-75.7461276,  36.1876084,    -6.33,   650.00,   956.00
-75.7460009,  36.1876421,    -6.42,   662.00,   956.00
-75.7458741,  36.1876757,    -6.49,   674.00,   956.00
-75.7457473,  36.1877094,    -6.56,   686.00,   956.00
-75.7456206,  36.1877431,    -6.63,   698.00,   956.00
-75.7454938,  36.1877767,    -6.69,   710.00,   956.00
-75.7453670,  36.1878104,    -6.75,   722.00,   956.00
-75.7452403,  36.1878441,    -6.80,   734.00,   956.00
-75.7451135,  36.1878777,    -6.84,   746.00,   956.00
-75.7525492,  36.1861305,     6.64,    50.00,   980.00
-75.7524224,  36.1861642,     5.53,    62.00,   980.00
-75.7522956,  36.1861979,     4.14,    74.00,   980.00
-75.7521689,  36.1862315,     2.80,    86.00,   980.00
-75.7520421,  36.1862652,     1.50,    98.00,   980.00
-75.7519153,  36.1862989,     0.33,   110.00,   980.00
-75.7517885,  36.1863325,    -0.64,   122.00,   980.00
-75.7516618,  36.1863662,    -1.29,   134.00,   980.00
-75.7515350,  36.1863999,    -1.68,   146.00,   980.00
-75.7514082,  36.1864335,    -1.76,   158.00,   980.00
-75.7512815,  36.1864672,    -1.61,   170.00,   980.00
-75.7511547,  36.1865009,    -1.46,   182.00,   980.00
-75.7510279,  36.1865345,    -1.51,   194.00,   980.00
-75.7509012,  36.1865682,    -1.80,   206.00,   980.00
-75.7507744,  36.1866019,    -2.17,   218.00,   980.00
-75.7506476,  36.1866355,    -2.61,   230.00,   980.00
-75.7505209,  36.1866692,    -3.06,   242.00,   980.00
-75.7503941,  36.1867029,    -3.41,   254.00,   980.00
-75.7502673,  36.1867365,    -3.64,   266.00,   980.00
-75.7501405,  36.1867702,    -3.80,   278.00,   980.00
-75.7500138,  36.1868039,    -3.92,   290.00,   980.00
-75.7498870,  36.1868376,    -4.01,   302.00,   980.00
-75.7497602,  36.1868712,    -4.09,   314.00,   980.00
-75.7496335,  36.1869049,    -4.17,   326.00,   980.00
-75.7495067,  36.1869386,    -4.26,   338.00,   980.00
-75.7493799,  36.1869722,    -4.35,   350.00,   980.00
-75.7492532,  36.1870059,    -4.46,   362.00,   980.00
-75.7491264,  36.1870396,    -4.56,   374.00,   980.00
-75.7489996,  36.1870732,    -4.64,   386.00,   980.00
-75.7488729,  36.1871069,    -4.71,   398.00,   980.00
-75.7487461,  36.1871406,    -4.78,   410.00,   980.00
-75.7486193,  36.1871742,    -4.84,   422.00,   980.00
-75.7484925,  36.1872079,    -4.90,   434.00,   980.00
-75.7483658,  36.1872416,    -4.97,   446.00,   980.00
-75.7482390,  36.1872752,    -5.03,   458.00,   980.00
-75.7481122,  36.1873089,    -5.11,   470.00,   980.00
-75.7479855,  36.1873426,    -5.19,   482.00,   980.00
-75.7478587,  36.1873762,    -5.27,   494.00,   980.00
-75.7477319,  36.1874099,    -5.35,   506.00,   980.00
-75.7476052,  36.1874436,    -5.44,   518.00,   980.00
-75.7474784,  36.1874772,    -5.53,   530.00,   980.00
-75.7473516,  36.1875109,    -5.62,   542.00,   980.00
-75.7472249,  36.1875446,    -5.70,   554.00,   980.00
-75.7470981,  36.1875783,    -5.79,   566.00,   980.00
-75.7469713,  36.1876119,    -5.88,   578.00,   980.00
-75.7468445,  36.1876456,    -5.97,   590.00,   980.00
-75.7467178,  36.1876793,    -6.05,   602.00,   980.00
-75.7465910,  36.1877129,    -6.14,   614.00,   980.00
-75.7464642,  36.1877466,    -6.22,   626.00,   980.00
-75.7463375,  36.1877803,    -6.31,   638.00,   980.00
-75.7462107,  36.1878139,    -6.39,   650.00,   980.00
-75.7460839,  36.1878476,    -6.47,   662.00,   980.00
-75.7459572,  36.1878813,    -6.55,   674.00,   980.00
-75.7458304,  36.1879149,    -6.62,   686.00,   980.00
-75.7457036,  36.1879486,    -6.69,   698.00,   980.00
-75.7455769,  36.1879823,    -6.76,   710.00,   980.00
-75.7454501,  36.1880159,    -6.83,   722.00,   980.00
-75.7453233,  36.1880496,    -6.89,   734.00,   980.00
-75.7451965,  36.1880833,    -6.93,   746.00,   980.00
-75.7526322,  36.1863361,     6.96,    50.00,  1004.00
-75.7525055,  36.1863697,     6.09,    62.00,  1004.00
-75.7523787,  36.1864034,     3.69,    74.00,  1004.00
-75.7522519,  36.1864371,     2.85,    86.00,  1004.00
-75.7521251,  36.1864707,     1.82,    98.00,  1004.00
-75.7519984,  36.1865044,     0.40,   110.00,  1004.00
-75.7518716,  36.1865381,    -0.77,   122.00,  1004.00
-75.7517448,  36.1865717,    -1.24,   134.00,  1004.00
-75.7516181,  36.1866054,    -1.56,   146.00,  1004.00
-75.7514913,  36.1866391,    -1.35,   158.00,  1004.00
-75.7513645,  36.1866727,    -1.54,   170.00,  1004.00
-75.7512378,  36.1867064,    -1.47,   182.00,  1004.00
-75.7511110,  36.1867401,    -1.45,   194.00,  1004.00
-75.7509842,  36.1867737,    -1.73,   206.00,  1004.00
-75.7508575,  36.1868074,    -2.15,   218.00,  1004.00
-75.7507307,  36.1868411,    -2.67,   230.00,  1004.00
-75.7506039,  36.1868748,    -3.15,   242.00,  1004.00
-75.7504771,  36.1869084,    -3.49,   254.00,  1004.00
-75.7503504,  36.1869421,    -3.63,   266.00,  1004.00
-75.7502236,  36.1869758,    -3.79,   278.00,  1004.00
-75.7500968,  36.1870094,    -3.94,   290.00,  1004.00
-75.7499701,  36.1870431,    -4.04,   302.00,  1004.00
-75.7498433,  36.1870768,    -4.07,   314.00,  1004.00
-75.7497165,  36.1871104,    -4.16,   326.00,  1004.00
-75.7495898,  36.1871441,    -4.28,   338.00,  1004.00
-75.7494630,  36.1871778,    -4.34,   350.00,  1004.00
-75.7493362,  36.1872114,    -4.43,   362.00,  1004.00
-75.7492095,  36.1872451,    -4.58,   374.00,  1004.00
-75.7490827,  36.1872788,    -4.67,   386.00,  1004.00
-75.7489559,  36.1873124,    -4.68,   398.00,  1004.00
-75.7488291,  36.1873461,    -4.76,   410.00,  1004.00
-75.7487024,  36.1873798,    -4.81,   422.00,  1004.00
-75.7485756,  36.1874134,    -4.90,   434.00,  1004.00
-75.7484488,  36.1874471,    -4.97,   446.00,  1004.00
-75.7483221,  36.1874808,    -5.03,   458.00,  1004.00
-75.7481953,  36.1875144,    -5.09,   470.00,  1004.00
-75.7480685,  36.1875481,    -5.20,   482.00,  1004.00
-75.7479418,  36.1875818,    -5.29,   494.00,  1004.00
-75.7478150,  36.1876155,    -5.37,   506.00,  1004.00
-75.7476882,  36.1876491,    -5.47,   518.00,  1004.00
-75.7475615,  36.1876828,    -5.55,   530.00,  1004.00
-75.7474347,  36.1877165,    -5.65,   542.00,  1004.00
-75.7473079,  36.1877501,    -5.74,   554.00,  1004.00
-75.7471811,  36.1877838,    -5.83,   566.00,  1004.00
-75.7470544,  36.1878175,    -5.90,   578.00,  1004.00
-75.7469276,  36.1878511,    -5.99,   590.00,  1004.00
-75.7468008,  36.1878848,    -6.09,   602.00,  1004.00
-75.7466741,  36.1879185,    -6.18,   614.00,  1004.00
-75.7465473,  36.1879521,    -6.26,   626.00,  1004.00
-75.7464205,  36.1879858,    -6.34,   638.00,  1004.00
-75.7462938,  36.1880195,    -6.43,   650.00,  1004.00
-75.7461670,  36.1880531,    -6.51,   662.00,  1004.00
-75.7460402,  36.1880868,    -6.58,   674.00,  1004.00
-75.7459135,  36.1881205,    -6.66,   686.00,  1004.00
-75.7457867,  36.1881541,    -6.73,   698.00,  1004.00
-75.7456599,  36.1881878,    -6.82,   710.00,  1004.00
-75.7455331,  36.1882215,    -6.87,   722.00,  1004.00
-75.7454064,  36.1882551,    -6.96,   734.00,  1004.00
-75.7452796,  36.1882888,    -7.01,   746.00,  1004.00
-75.7527153,  36.1865416,     7.09,    50.00,  1028.00
-75.7525885,  36.1865753,     5.98,    62.00,  1028.00
-75.7524617,  36.1866089,     3.64,    74.00,  1028.00
-75.7523350,  36.1866426,     2.98,    86.00,  1028.00
-75.7522082,  36.1866763,     1.80,    98.00,  1028.00
-75.7520814,  36.1867099,     0.45,   110.00,  1028.00
-75.7519547,  36.1867436,    -0.62,   122.00,  1028.00
-75.7518279,  36.1867773,    -0.97,   134.00,  1028.00
-75.7517011,  36.1868109,    -1.13,   146.00,  1028.00
-75.7515744,  36.1868446,    -1.32,   158.00,  1028.00
-75.7514476,  36.1868783,    -1.50,   170.00,  1028.00
-75.7513208,  36.1869120,    -1.57,   182.00,  1028.00
-75.7511941,  36.1869456,    -1.51,   194.00,  1028.00
-75.7510673,  36.1869793,    -1.78,   206.00,  1028.00
-75.7509405,  36.1870130,    -2.29,   218.00,  1028.00
-75.7508137,  36.1870466,    -2.83,   230.00,  1028.00
-75.7506870,  36.1870803,    -3.31,   242.00,  1028.00
-75.7505602,  36.1871140,    -3.53,   254.00,  1028.00
-75.7504334,  36.1871476,    -3.68,   266.00,  1028.00
-75.7503067,  36.1871813,    -3.79,   278.00,  1028.00
-75.7501799,  36.1872150,    -3.95,   290.00,  1028.00
-75.7500531,  36.1872486,    -4.01,   302.00,  1028.00
-75.7499264,  36.1872823,    -4.08,   314.00,  1028.00
-75.7497996,  36.1873160,    -4.17,   326.00,  1028.00
-75.7496728,  36.1873496,    -4.24,   338.00,  1028.00
-75.7495461,  36.1873833,    -4.32,   350.00,  1028.00
-75.7494193,  36.1874170,    -4.42,   362.00,  1028.00
-75.7492925,  36.1874506,    -4.51,   374.00,  1028.00
-75.7491657,  36.1874843,    -4.59,   386.00,  1028.00
-75.7490390,  36.1875180,    -4.69,   398.00,  1028.00
-75.7489122,  36.1875516,    -4.77,   410.00,  1028.00
-75.7487854,  36.1875853,    -4.84,   422.00,  1028.00
-75.7486587,  36.1876190,    -4.91,   434.00,  1028.00
-75.7485319,  36.1876527,    -4.98,   446.00,  1028.00
-75.7484051,  36.1876863,    -5.04,   458.00,  1028.00
-75.7482784,  36.1877200,    -5.12,   470.00,  1028.00
-75.7481516,  36.1877537,    -5.20,   482.00,  1028.00
-75.7480248,  36.1877873,    -5.28,   494.00,  1028.00
-75.7478981,  36.1878210,    -5.36,   506.00,  1028.00
-75.7477713,  36.1878547,    -5.45,   518.00,  1028.00
-75.7476445,  36.1878883,    -5.54,   530.00,  1028.00
-75.7475177,  36.1879220,    -5.63,   542.00,  1028.00
-75.7473910,  36.1879557,    -5.71,   554.00,  1028.00
-75.7472642,  36.1879893,    -5.80,   566.00,  1028.00
-75.7471374,  36.1880230,    -5.89,   578.00,  1028.00
-75.7470107,  36.1880567,    -5.97,   590.00,  1028.00
-75.7468839,  36.1880903,    -6.06,   602.00,  1028.00
-75.7467571,  36.1881240,    -6.14,   614.00,  1028.00
-75.7466304,  36.1881577,    -6.23,   626.00,  1028.00
-75.7465036,  36.1881913,    -6.32,   638.00,  1028.00
-75.7463768,  36.1882250,    -6.40,   650.00,  1028.00
-75.7462500,  36.1882587,    -6.48,   662.00,  1028.00
-75.7461233,  36.1882923,    -6.56,   674.00,  1028.00
-75.7459965,  36.1883260,    -6.63,   686.00,  1028.00
-75.7458697,  36.1883597,    -6.71,   698.00,  1028.00
-75.7457430,  36.1883934,    -6.78,   710.00,  1028.00
-75.7456162,  36.1884270,    -6.84,   722.00,  1028.00
-75.7454894,  36.1884607,    -6.90,   734.00,  1028.00
-75.7453627,  36.1884944,    -6.95,   746.00,  1028.00
-75.7527983,  36.1867471,     7.15,    50.00,  1052.00
-75.7526716,  36.1867808,     6.23,    62.00,  1052.00
-75.7525448,  36.1868145,     3.45,    74.00,  1052.00
-75.7524180,  36.1868481,     2.76,    86.00,  1052.00
-75.7522913,  36.1868818,     2.14,    98.00,  1052.00
-75.7521645,  36.1869155,     0.82,   110.00,  1052.00
-75.7520377,  36.1869492,    -0.40,   122.00,  1052.00
-75.7519110,  36.1869828,    -0.85,   134.00,  1052.00
-75.7517842,  36.1870165,    -1.00,   146.00,  1052.00
-75.7516574,  36.1870502,    -1.24,   158.00,  1052.00
-75.7515307,  36.1870838,    -1.51,   170.00,  1052.00
-75.7514039,  36.1871175,    -1.61,   182.00,  1052.00
-75.7512771,  36.1871512,    -1.60,   194.00,  1052.00
-75.7511503,  36.1871848,    -1.73,   206.00,  1052.00
-75.7510236,  36.1872185,    -2.21,   218.00,  1052.00
-75.7508968,  36.1872522,    -2.79,   230.00,  1052.00
-75.7507700,  36.1872858,    -3.19,   242.00,  1052.00
-75.7506433,  36.1873195,    -3.48,   254.00,  1052.00
-75.7505165,  36.1873532,    -3.65,   266.00,  1052.00
-75.7503897,  36.1873868,    -3.78,   278.00,  1052.00
-75.7502630,  36.1874205,    -3.88,   290.00,  1052.00
-75.7501362,  36.1874542,    -3.96,   302.00,  1052.00
-75.7500094,  36.1874878,    -4.03,   314.00,  1052.00
-75.7498827,  36.1875215,    -4.11,   326.00,  1052.00
-75.7497559,  36.1875552,    -4.20,   338.00,  1052.00
-75.7496291,  36.1875888,    -4.30,   350.00,  1052.00
-75.7495023,  36.1876225,    -4.40,   362.00,  1052.00
-75.7493756,  36.1876562,    -4.47,   374.00,  1052.00
-75.7492488,  36.1876899,    -4.53,   386.00,  1052.00
-75.7491220,  36.1877235,    -4.70,   398.00,  1052.00
-75.7489953,  36.1877572,    -4.81,   410.00,  1052.00
-75.7488685,  36.1877909,    -4.87,   422.00,  1052.00
-75.7487417,  36.1878245,    -4.93,   434.00,  1052.00
-75.7486150,  36.1878582,    -4.99,   446.00,  1052.00
-75.7484882,  36.1878919,    -5.05,   458.00,  1052.00
-75.7483614,  36.1879255,    -5.11,   470.00,  1052.00
-75.7482347,  36.1879592,    -5.18,   482.00,  1052.00
-75.7481079,  36.1879929,    -5.26,   494.00,  1052.00
-75.7479811,  36.1880265,    -5.33,   506.00,  1052.00
-75.7478543,  36.1880602,    -5.42,   518.00,  1052.00
-75.7477276,  36.1880939,    -5.50,   530.00,  1052.00
-75.7476008,  36.1881275,    -5.59,   542.00,  1052.00
-75.7474740,  36.1881612,    -5.67,   554.00,  1052.00
-75.7473473,  36.1881949,    -5.75,   566.00,  1052.00
-75.7472205,  36.1882285,    -5.84,   578.00,  1052.00
-75.7470937,  36.1882622,    -5.93,   590.00,  1052.00
-75.7469670,  36.1882959,    -6.01,   602.00,  1052.00
-75.7468402,  36.1883295,    -6.10,   614.00,  1052.00
-75.7467134,  36.1883632,    -6.18,   626.00,  1052.00
-75.7465866,  36.1883969,    -6.27,   638.00,  1052.00
-75.7464599,  36.1884306,    -6.34,   650.00,  1052.00
-75.7463331,  36.1884642,    -6.42,   662.00,  1052.00
-75.7462063,  36.1884979,    -6.50,   674.00,  1052.00
-75.7460796,  36.1885316,    -6.57,   686.00,  1052.00
-75.7459528,  36.1885652,    -6.64,   698.00,  1052.00
-75.7458260,  36.1885989,    -6.70,   710.00,  1052.00
-75.7456993,  36.1886326,    -6.76,   722.00,  1052.00
-75.7455725,  36.1886662,    -6.81,   734.00,  1052.00
-75.7454457,  36.1886999,    -6.85,   746.00,  1052.00
-75.7528814,  36.1869527,     6.99,    50.00,  1076.00
-75.7527546,  36.1869864,     6.15,    62.00,  1076.00
-75.7526279,  36.1870200,     3.88,    74.00,  1076.00
-75.7525011,  36.1870537,     2.82,    86.00,  1076.00
-75.7523743,  36.1870874,     2.00,    98.00,  1076.00
-75.7522476,  36.1871210,     0.77,   110.00,  1076.00
-75.7521208,  36.1871547,    -0.45,   122.00,  1076.00
-75.7519940,  36.1871884,    -0.83,   134.00,  1076.00
-75.7518673,  36.1872220,    -1.05,   146.00,  1076.00
-75.7517405,  36.1872557,    -1.33,   158.00,  1076.00
-75.7516137,  36.1872894,    -1.69,   170.00,  1076.00
-75.7514869,  36.1873230,    -1.71,   182.00,  1076.00
-75.7513602,  36.1873567,    -1.72,   194.00,  1076.00
-75.7512334,  36.1873904,    -1.84,   206.00,  1076.00
-75.7511066,  36.1874240,    -2.30,   218.00,  1076.00
-75.7509799,  36.1874577,    -2.86,   230.00,  1076.00
-75.7508531,  36.1874914,    -3.22,   242.00,  1076.00
-75.7507263,  36.1875250,    -3.45,   254.00,  1076.00
-75.7505996,  36.1875587,    -3.62,   266.00,  1076.00
-75.7504728,  36.1875924,    -3.75,   278.00,  1076.00
-75.7503460,  36.1876260,    -3.84,   290.00,  1076.00
-75.7502193,  36.1876597,    -3.91,   302.00,  1076.00
-75.7500925,  36.1876934,    -4.04,   314.00,  1076.00
-75.7499657,  36.1877271,    -4.10,   326.00,  1076.00
-75.7498389,  36.1877607,    -4.23,   338.00,  1076.00
-75.7497122,  36.1877944,    -4.28,   350.00,  1076.00
-75.7495854,  36.1878281,    -4.41,   362.00,  1076.00
-75.7494586,  36.1878617,    -4.53,   374.00,  1076.00
-75.7493319,  36.1878954,    -4.62,   386.00,  1076.00
-75.7492051,  36.1879291,    -4.75,   398.00,  1076.00
-75.7490783,  36.1879627,    -4.85,   410.00,  1076.00
-75.7489516,  36.1879964,    -4.89,   422.00,  1076.00
-75.7488248,  36.1880301,    -4.93,   434.00,  1076.00
-75.7486980,  36.1880637,    -4.98,   446.00,  1076.00
-75.7485712,  36.1880974,    -5.03,   458.00,  1076.00
-75.7484445,  36.1881311,    -5.11,   470.00,  1076.00
-75.7483177,  36.1881647,    -5.17,   482.00,  1076.00
-75.7481909,  36.1881984,    -5.24,   494.00,  1076.00
-75.7480642,  36.1882321,    -5.31,   506.00,  1076.00
-75.7479374,  36.1882657,    -5.38,   518.00,  1076.00
-75.7478106,  36.1882994,    -5.46,   530.00,  1076.00
-75.7476839,  36.1883331,    -5.55,   542.00,  1076.00
-75.7475571,  36.1883667,    -5.62,   554.00,  1076.00
-75.7474303,  36.1884004,    -5.70,   566.00,  1076.00
-75.7473036,  36.1884341,    -5.80,   578.00,  1076.00
-75.7471768,  36.1884678,    -5.88,   590.00,  1076.00
-75.7470500,  36.1885014,    -5.96,   602.00,  1076.00
-75.7469232,  36.1885351,    -6.04,   614.00,  1076.00
-75.7467965,  36.1885688,    -6.13,   626.00,  1076.00
-75.7466697,  36.1886024,    -6.21,   638.00,  1076.00
-75.7465429,  36.1886361,    -6.28,   650.00,  1076.00
-75.7464162,  36.1886698,    -6.36,   662.00,  1076.00
-75.7462894,  36.1887034,    -6.43,   674.00,  1076.00
-75.7461626,  36.1887371,    -6.50,   686.00,  1076.00
-75.7460359,  36.1887708,    -6.56,   698.00,  1076.00
-75.7459091,  36.1888044,    -6.63,   710.00,  1076.00
-75.7457823,  36.1888381,    -6.68,   722.00,  1076.00
-75.7456556,  36.1888718,    -6.73,   734.00,  1076.00
-75.7455288,  36.1889054,    -6.77,   746.00,  1076.00
-75.7529645,  36.1871582,     7.24,    50.00,  1100.00
-75.7528377,  36.1871919,     6.12,    62.00,  1100.00
-75.7527109,  36.1872256,     4.60,    74.00,  1100.00
-75.7525842,  36.1872592,     3.19,    86.00,  1100.00
-75.7524574,  36.1872929,     2.09,    98.00,  1100.00
-75.7523306,  36.1873266,     1.00,   110.00,  1100.00
-75.7522039,  36.1873602,    -0.27,   122.00,  1100.00
-75.7520771,  36.1873939,    -0.83,   134.00,  1100.00
-75.7519503,  36.1874276,    -1.08,   146.00,  1100.00
-75.7518235,  36.1874612,    -1.36,   158.00,  1100.00
-75.7516968,  36.1874949,    -1.69,   170.00,  1100.00
-75.7515700,  36.1875286,    -1.90,   182.00,  1100.00
-75.7514432,  36.1875622,    -1.78,   194.00,  1100.00
-75.7513165,  36.1875959,    -1.82,   206.00,  1100.00
-75.7511897,  36.1876296,    -2.29,   218.00,  1100.00
-75.7510629,  36.1876632,    -2.82,   230.00,  1100.00
-75.7509362,  36.1876969,    -3.17,   242.00,  1100.00
-75.7508094,  36.1877306,    -3.39,   254.00,  1100.00
-75.7506826,  36.1877643,    -3.57,   266.00,  1100.00
-75.7505558,  36.1877979,    -3.71,   278.00,  1100.00
-75.7504291,  36.1878316,    -3.83,   290.00,  1100.00
-75.7503023,  36.1878653,    -3.88,   302.00,  1100.00
-75.7501755,  36.1878989,    -3.88,   314.00,  1100.00
-75.7500488,  36.1879326,    -3.97,   326.00,  1100.00
-75.7499220,  36.1879663,    -4.06,   338.00,  1100.00
-75.7497952,  36.1879999,    -4.15,   350.00,  1100.00
-75.7496685,  36.1880336,    -4.28,   362.00,  1100.00
-75.7495417,  36.1880673,    -4.40,   374.00,  1100.00
-75.7494149,  36.1881009,    -4.52,   386.00,  1100.00
-75.7492882,  36.1881346,    -4.62,   398.00,  1100.00
-75.7491614,  36.1881683,    -4.74,   410.00,  1100.00
-75.7490346,  36.1882019,    -4.82,   422.00,  1100.00
-75.7489078,  36.1882356,    -4.89,   434.00,  1100.00
-75.7487811,  36.1882693,    -4.98,   446.00,  1100.00
-75.7486543,  36.1883029,    -5.04,   458.00,  1100.00
-75.7485275,  36.1883366,    -5.10,   470.00,  1100.00
-75.7484008,  36.1883703,    -5.16,   482.00,  1100.00
-75.7482740,  36.1884039,    -5.23,   494.00,  1100.00
-75.7481472,  36.1884376,    -5.29,   506.00,  1100.00
-75.7480205,  36.1884713,    -5.34,   518.00,  1100.00
-75.7478937,  36.1885050,    -5.41,   530.00,  1100.00
-75.7477669,  36.1885386,    -5.50,   542.00,  1100.00
-75.7476402,  36.1885723,    -5.57,   554.00,  1100.00
-75.7475134,  36.1886060,    -5.65,   566.00,  1100.00
-75.7473866,  36.1886396,    -5.75,   578.00,  1100.00
-75.7472598,  36.1886733,    -5.83,   590.00,  1100.00
-75.7471331,  36.1887070,    -5.91,   602.00,  1100.00
-75.7470063,  36.1887406,    -5.99,   614.00,  1100.00
-75.7468795,  36.1887743,    -6.08,   626.00,  1100.00
-75.7467528,  36.1888080,    -6.16,   638.00,  1100.00
-75.7466260,  36.1888416,    -6.22,   650.00,  1100.00
-75.7464992,  36.1888753,    -6.30,   662.00,  1100.00
-75.7463725,  36.1889090,    -6.37,   674.00,  1100.00
-75.7462457,  36.1889426,    -6.43,   686.00,  1100.00
-75.7461189,  36.1889763,    -6.49,   698.00,  1100.00
-75.7459922,  36.1890100,    -6.55,   710.00,  1100.00
-75.7458654,  36.1890436,    -6.60,   722.00,  1100.00
-75.7457386,  36.1890773,    -6.64,   734.00,  1100.00
-75.7456118,  36.1891110,    -6.68,   746.00,  1100.00
