-75.7515524,  36.1836640,     6.29,    50.00,   692.00
-75.7514257,  36.1836977,     5.34,    62.00,   692.00
-75.7512989,  36.1837314,     4.09,    74.00,   692.00
-75.7511721,  36.1837650,     2.81,    86.00,   692.00
-75.7510454,  36.1837987,     1.77,    98.00,   692.00
-75.7509186,  36.1838324,     0.77,   110.00,   692.00
-75.7507918,  36.1838660,    -0.31,   122.00,   692.00
-75.7506651,  36.1838997,    -1.31,   134.00,   692.00
-75.7505383,  36.1839334,    -2.01,   146.00,   692.00
-75.7504115,  36.1839670,    -2.35,   158.00,   692.00
-75.7502847,  36.1840007,    -2.58,   170.00,   692.00
-75.7501580,  36.1840344,    -2.75,   182.00,   692.00
-75.7500312,  36.1840681,    -2.83,   194.00,   692.00
-75.7499044,  36.1841017,    -2.76,   206.00,   692.00
-75.7497777,  36.1841354,    -2.55,   218.00,   692.00
-75.7496509,  36.1841691,    -2.40,   230.00,   692.00
-75.7495241,  36.1842027,    -2.40,   242.00,   692.00
-75.7493974,  36.1842364,    -2.52,   254.00,   692.00
-75.7492706,  36.1842701,    -2.70,   266.00,   692.00
-75.7491438,  36.1843037,    -2.87,   278.00,   692.00
-75.7490170,  36.1843374,    -3.05,   290.00,   692.00
-75.7488903,  36.1843711,    -3.23,   302.00,   692.00
-75.7487635,  36.1844047,    -3.41,   314.00,   692.00
-75.7486367,  36.1844384,    -3.55,   326.00,   692.00
-75.7485100,  36.1844721,    -3.70,   338.00,   692.00
-75.7483832,  36.1845057,    -3.83,   350.00,   692.00
-75.7482564,  36.1845394,    -3.95,   362.00,   692.00
-75.7481297,  36.1845731,    -4.05,   374.00,   692.00
-75.7480029,  36.1846067,    -4.13,   386.00,   692.00
-75.7478761,  36.1846404,    -4.21,   398.00,   692.00
-75.7477494,  36.1846741,    -4.29,   410.00,   692.00
-75.7476226,  36.1847077,    -4.36,   422.00,   692.00
-75.7474958,  36.1847414,    -4.44,   434.00,   692.00
-75.7473690,  36.1847751,    -4.52,   446.00,   692.00
-75.7472423,  36.1848088,    -4.58,   458.00,   692.00
-75.7471155,  36.1848424,    -4.66,   470.00,   692.00
-75.7469887,  36.1848761,    -4.73,   482.00,   692.00
-75.7468620,  36.1849098,    -4.79,   494.00,   692.00
-75.7467352,  36.1849434,    -4.83,   506.00,   692.00
-75.7466084,  36.1849771,    -4.89,   518.00,   692.00
-75.7464817,  36.1850108,    -4.95,   530.00,   692.00
-75.7463549,  36.1850444,    -5.03,   542.00,   692.00
-75.7462281,  36.1850781,    -5.11,   554.00,   692.00
-75.7461014,  36.1851118,    -5.17,   566.00,   692.00
-75.7459746,  36.1851454,    -5.25,   578.00,   692.00
-75.7458478,  36.1851791,    -5.31,   590.00,   692.00
-75.7457210,  36.1852128,    -5.44,   602.00,   692.00
-75.7455943,  36.1852464,    -6.05,   614.00,   692.00
-75.7454675,  36.1852801,    -6.10,   626.00,   692.00
-75.7453407,  36.1853138,    -6.14,   638.00,   692.00
-75.7452140,  36.1853474,    -6.16,   650.00,   692.00
-75.7450872,  36.1853811,    -6.17,   662.00,   692.00
-75.7516355,  36.1838696,     7.23,    50.00,   716.00
-75.7515087,  36.1839032,     5.63,    62.00,   716.00
-75.7513820,  36.1839369,     3.13,    74.00,   716.00
-75.7512552,  36.1839706,     2.44,    86.00,   716.00
-75.7511284,  36.1840042,     1.87,    98.00,   716.00
-75.7510016,  36.1840379,     0.69,   110.00,   716.00
-75.7508749,  36.1840716,    -0.49,   122.00,   716.00
-75.7507481,  36.1841053,    -1.47,   134.00,   716.00
-75.7506213,  36.1841389,    -2.10,   146.00,   716.00
-75.7504946,  36.1841726,    -2.41,   158.00,   716.00
-75.7503678,  36.1842063,    -2.59,   170.00,   716.00
-75.7502410,  36.1842399,    -2.72,   182.00,   716.00
-75.7501143,  36.1842736,    -2.79,   194.00,   716.00
-75.7499875,  36.1843073,    -2.68,   206.00,   716.00
-75.7498607,  36.1843409,    -2.46,   218.00,   716.00
-75.7497340,  36.1843746,    -2.34,   230.00,   716.00
-75.7496072,  36.1844083,    -2.40,   242.00,   716.00
-75.7494804,  36.1844419,    -2.53,   254.00,   716.00
-75.7493536,  36.1844756,    -2.70,   266.00,   716.00
-75.7492269,  36.1845093,    -2.88,   278.00,   716.00
-75.7491001,  36.1845429,    -3.08,   290.00,   716.00
-75.7489733,  36.1845766,    -3.27,   302.00,   716.00
-75.7488466,  36.1846103,    -3.45,   314.00,   716.00
-75.7487198,  36.1846439,    -3.62,   326.00,   716.00
-75.7485930,  36.1846776,    -3.76,   338.00,   716.00
-75.7484663,  36.1847113,    -3.89,   350.00,   716.00
-75.7483395,  36.1847449,    -3.99,   362.00,   716.00
-75.7482127,  36.1847786,    -4.08,   374.00,   716.00
-75.7480860,  36.1848123,    -4.16,   386.00,   716.00
-75.7479592,  36.1848460,    -4.23,   398.00,   716.00
-75.7478324,  36.1848796,    -4.30,   410.00,   716.00
-75.7477056,  36.1849133,    -4.37,   422.00,   716.00
-75.7475789,  36.1849470,    -4.45,   434.00,   716.00
-75.7474521,  36.1849806,    -4.52,   446.00,   716.00
-75.7473253,  36.1850143,    -4.60,   458.00,   716.00
-75.7471986,  36.1850480,    -4.69,   470.00,   716.00
-75.7470718,  36.1850816,    -4.77,   482.00,   716.00
-75.7469450,  36.1851153,    -4.84,   494.00,   716.00
-75.7468183,  36.1851490,    -4.89,   506.00,   716.00
-75.7466915,  36.1851826,    -4.95,   518.00,   716.00
-75.7465647,  36.1852163,    -5.01,   530.00,   716.00
-75.7464380,  36.1852500,    -5.09,   542.00,   716.00
-75.7463112,  36.1852836,    -5.18,   554.00,   716.00
-75.7461844,  36.1853173,    -5.24,   566.00,   716.00
-75.7460576,  36.1853510,    -5.32,   578.00,   716.00
-75.7459309,  36.1853846,    -5.39,   590.00,   716.00
-75.7458041,  36.1854183,    -5.53,   602.00,   716.00
-75.7456773,  36.1854520,    -5.62,   614.00,   716.00
-75.7455506,  36.1854856,    -5.69,   626.00,   716.00
-75.7454238,  36.1855193,    -5.75,   638.00,   716.00
-75.7452970,  36.1855530,    -5.80,   650.00,   716.00
-75.7451703,  36.1855867,    -5.84,   662.00,   716.00
-75.7517186,  36.1840751,     7.46,    50.00,   740.00
-75.7515918,  36.1841088,     5.30,    62.00,   740.00
-75.7514650,  36.1841425,     3.17,    74.00,   740.00
-75.7513382,  36.1841761,     2.49,    86.00,   740.00
-75.7512115,  36.1842098,     1.58,    98.00,   740.00
-75.7510847,  36.1842435,     0.17,   110.00,   740.00
-75.7509579,  36.1842771,    -0.95,   122.00,   740.00
-75.7508312,  36.1843108,    -1.72,   134.00,   740.00
-75.7507044,  36.1843445,    -2.20,   146.00,   740.00
-75.7505776,  36.1843781,    -2.47,   158.00,   740.00
-75.7504509,  36.1844118,    -2.61,   170.00,   740.00
-75.7503241,  36.1844455,    -2.64,   182.00,   740.00
-75.7501973,  36.1844791,    -2.50,   194.00,   740.00
-75.7500706,  36.1845128,    -2.33,   206.00,   740.00
-75.7499438,  36.1845465,    -2.29,   218.00,   740.00
-75.7498170,  36.1845801,    -2.38,   230.00,   740.00
-75.7496902,  36.1846138,    -2.51,   242.00,   740.00
-75.7495635,  36.1846475,    -2.67,   254.00,   740.00
-75.7494367,  36.1846811,    -2.83,   266.00,   740.00
-75.7493099,  36.1847148,    -3.00,   278.00,   740.00
-75.7491832,  36.1847485,    -3.18,   290.00,   740.00
-75.7490564,  36.1847821,    -3.36,   302.00,   740.00
-75.7489296,  36.1848158,    -3.54,   314.00,   740.00
-75.7488029,  36.1848495,    -3.69,   326.00,   740.00
-75.7486761,  36.1848832,    -3.82,   338.00,   740.00
-75.7485493,  36.1849168,    -3.94,   350.00,   740.00
-75.7484226,  36.1849505,    -4.03,   362.00,   740.00
-75.7482958,  36.1849842,    -4.12,   374.00,   740.00
-75.7481690,  36.1850178,    -4.19,   386.00,   740.00
-75.7480422,  36.1850515,    -4.26,   398.00,   740.00
-75.7479155,  36.1850852,    -4.33,   410.00,   740.00
-75.7477887,  36.1851188,    -4.40,   422.00,   740.00
-75.7476619,  36.1851525,    -4.47,   434.00,   740.00
-75.7475352,  36.1851862,    -4.54,   446.00,   740.00
-75.7474084,  36.1852198,    -4.62,   458.00,   740.00
-75.7472816,  36.1852535,    -4.71,   470.00,   740.00
-75.7471549,  36.1852872,    -4.78,   482.00,   740.00
-75.7470281,  36.1853208,    -4.85,   494.00,   740.00
-75.7469013,  36.1853545,    -4.91,   506.00,   740.00
-75.7467746,  36.1853882,    -4.99,   518.00,   740.00
-75.7466478,  36.1854218,    -5.07,   530.00,   740.00
-75.7465210,  36.1854555,    -5.16,   542.00,   740.00
-75.7463942,  36.1854892,    -5.25,   554.00,   740.00
-75.7462675,  36.1855228,    -5.32,   566.00,   740.00
-75.7461407,  36.1855565,    -5.41,   578.00,   740.00
-75.7460139,  36.1855902,    -5.48,   590.00,   740.00
-75.7458872,  36.1856239,    -5.62,   602.00,   740.00
-75.7457604,  36.1856575,    -5.72,   614.00,   740.00
-75.7456336,  36.1856912,    -5.79,   626.00,   740.00
-75.7455069,  36.1857249,    -5.85,   638.00,   740.00
-75.7453801,  36.1857585,    -5.90,   650.00,   740.00
-75.7452533,  36.1857922,    -5.95,   662.00,   740.00
-75.7518016,  36.1842807,     7.21,    50.00,   764.00
-75.7516748,  36.1843143,     4.99,    62.00,   764.00
-75.7515481,  36.1843480,     3.15,    74.00,   764.00
-75.7514213,  36.1843817,     2.48,    86.00,   764.00
-75.7512945,  36.1844153,     1.70,    98.00,   764.00
-75.7511678,  36.1844490,     0.05,   110.00,   764.00
-75.7510410,  36.1844827,    -1.05,   122.00,   764.00
-75.7509142,  36.1845163,    -1.83,   134.00,   764.00
-75.7507875,  36.1845500,    -2.40,   146.00,   764.00
-75.7506607,  36.1845837,    -2.64,   158.00,   764.00
-75.7505339,  36.1846173,    -2.66,   170.00,   764.00
-75.7504072,  36.1846510,    -2.54,   182.00,   764.00
-75.7502804,  36.1846847,    -2.31,   194.00,   764.00
-75.7501536,  36.1847183,    -2.23,   206.00,   764.00
-75.7500268,  36.1847520,    -2.32,   218.00,   764.00
-75.7499001,  36.1847857,    -2.45,   230.00,   764.00
-75.7497733,  36.1848193,    -2.60,   242.00,   764.00
-75.7496465,  36.1848530,    -2.75,   254.00,   764.00
-75.7495198,  36.1848867,    -2.91,   266.00,   764.00
-75.7493930,  36.1849204,    -3.08,   278.00,   764.00
-75.7492662,  36.1849540,    -3.25,   290.00,   764.00
-75.7491395,  36.1849877,    -3.41,   302.00,   764.00
-75.7490127,  36.1850214,    -3.58,   314.00,   764.00
-75.7488859,  36.1850550,    -3.73,   326.00,   764.00
-75.7487592,  36.1850887,    -3.86,   338.00,   764.00
-75.7486324,  36.1851224,    -3.98,   350.00,   764.00
-75.7485056,  36.1851560,    -4.07,   362.00,   764.00
-75.7483788,  36.1851897,    -4.16,   374.00,   764.00
-75.7482521,  36.1852234,    -4.23,   386.00,   764.00
-75.7481253,  36.1852570,    -4.31,   398.00,   764.00
-75.7479985,  36.1852907,    -4.37,   410.00,   764.00
-75.7478718,  36.1853244,    -4.44,   422.00,   764.00
-75.7477450,  36.1853580,    -4.51,   434.00,   764.00
-75.7476182,  36.1853917,    -4.58,   446.00,   764.00
-75.7474915,  36.1854254,    -4.66,   458.00,   764.00
-75.7473647,  36.1854590,    -4.73,   470.00,   764.00
-75.7472379,  36.1854927,    -4.81,   482.00,   764.00
-75.7471112,  36.1855264,    -4.88,   494.00,   764.00
-75.7469844,  36.1855600,    -4.97,   506.00,   764.00
-75.7468576,  36.1855937,    -5.05,   518.00,   764.00
-75.7467308,  36.1856274,    -5.13,   530.00,   764.00
-75.7466041,  36.1856611,    -5.23,   542.00,   764.00
-75.7464773,  36.1856947,    -5.33,   554.00,   764.00
-75.7463505,  36.1857284,    -5.41,   566.00,   764.00
-75.7462238,  36.1857621,    -5.51,   578.00,   764.00
-75.7460970,  36.1857957,    -5.58,   590.00,   764.00
-75.7459702,  36.1858294,    -5.72,   602.00,   764.00
-75.7458435,  36.1858631,    -5.82,   614.00,   764.00
-75.7457167,  36.1858967,    -5.90,   626.00,   764.00
-75.7455899,  36.1859304,    -5.97,   638.00,   764.00
-75.7454632,  36.1859641,    -6.02,   650.00,   764.00
-75.7453364,  36.1859977,    -6.05,   662.00,   764.00
-75.7518847,  36.1844862,     6.90,    50.00,   788.00
-75.7517579,  36.1845199,     4.78,    62.00,   788.00
-75.7516311,  36.1845535,     3.09,    74.00,   788.00
-75.7515044,  36.1845872,     2.50,    86.00,   788.00
-75.7513776,  36.1846209,     1.35,    98.00,   788.00
-75.7512508,  36.1846545,    -0.15,   110.00,   788.00
-75.7511241,  36.1846882,    -1.12,   122.00,   788.00
-75.7509973,  36.1847219,    -2.04,   134.00,   788.00
-75.7508705,  36.1847555,    -2.71,   146.00,   788.00
-75.7507438,  36.1847892,    -2.89,   158.00,   788.00
-75.7506170,  36.1848229,    -2.61,   170.00,   788.00
-75.7504902,  36.1848565,    -2.23,   182.00,   788.00
-75.7503634,  36.1848902,    -2.17,   194.00,   788.00
-75.7502367,  36.1849239,    -2.27,   206.00,   788.00
-75.7501099,  36.1849576,    -2.40,   218.00,   788.00
-75.7499831,  36.1849912,    -2.54,   230.00,   788.00
-75.7498564,  36.1850249,    -2.68,   242.00,   788.00
-75.7497296,  36.1850586,    -2.84,   254.00,   788.00
-75.7496028,  36.1850922,    -3.00,   266.00,   788.00
-75.7494761,  36.1851259,    -3.17,   278.00,   788.00
-75.7493493,  36.1851596,    -3.33,   290.00,   788.00
-75.7492225,  36.1851932,    -3.49,   302.00,   788.00
-75.7490958,  36.1852269,    -3.66,   314.00,   788.00
-75.7489690,  36.1852606,    -3.81,   326.00,   788.00
-75.7488422,  36.1852942,    -3.94,   338.00,   788.00
-75.7487154,  36.1853279,    -4.06,   350.00,   788.00
-75.7485887,  36.1853616,    -4.15,   362.00,   788.00
-75.7484619,  36.1853952,    -4.23,   374.00,   788.00
-75.7483351,  36.1854289,    -4.30,   386.00,   788.00
-75.7482084,  36.1854626,    -4.36,   398.00,   788.00
-75.7480816,  36.1854962,    -4.43,   410.00,   788.00
-75.7479548,  36.1855299,    -4.49,   422.00,   788.00
-75.7478281,  36.1855636,    -4.56,   434.00,   788.00
-75.7477013,  36.1855972,    -4.63,   446.00,   788.00
-75.7475745,  36.1856309,    -4.71,   458.00,   788.00
-75.7474478,  36.1856646,    -4.78,   470.00,   788.00
-75.7473210,  36.1856983,    -4.86,   482.00,   788.00
-75.7471942,  36.1857319,    -4.94,   494.00,   788.00
-75.7470674,  36.1857656,    -5.03,   506.00,   788.00
-75.7469407,  36.1857993,    -5.11,   518.00,   788.00
-75.7468139,  36.1858329,    -5.21,   530.00,   788.00
-75.7466871,  36.1858666,    -5.31,   542.00,   788.00
-75.7465604,  36.1859003,    -5.42,   554.00,   788.00
-75.7464336,  36.1859339,    -5.51,   566.00,   788.00
-75.7463068,  36.1859676,    -5.61,   578.00,   788.00
-75.7461801,  36.1860013,    -5.70,   590.00,   788.00
-75.7460533,  36.1860349,    -5.83,   602.00,   788.00
-75.7459265,  36.1860686,    -5.94,   614.00,   788.00
-75.7457998,  36.1861023,    -6.03,   626.00,   788.00
-75.7456730,  36.1861359,    -6.11,   638.00,   788.00
-75.7455462,  36.1861696,    -6.16,   650.00,   788.00
-75.7454194,  36.1862033,    -6.19,   662.00,   788.00
-75.7519677,  36.1846917,     6.98,    50.00,   812.00
-75.7518410,  36.1847254,     5.33,    62.00,   812.00
-75.7517142,  36.1847591,     3.23,    74.00,   812.00
-75.7515874,  36.1847927,     2.34,    86.00,   812.00
-75.7514607,  36.1848264,     1.48,    98.00,   812.00
-75.7513339,  36.1848601,    -0.03,   110.00,   812.00
-75.7512071,  36.1848937,    -1.08,   122.00,   812.00
-75.7510804,  36.1849274,    -2.08,   134.00,   812.00
-75.7509536,  36.1849611,    -2.91,   146.00,   812.00
-75.7508268,  36.1849948,    -2.56,   158.00,   812.00
-75.7507000,  36.1850284,    -2.11,   170.00,   812.00
-75.7505733,  36.1850621,    -2.07,   182.00,   812.00
-75.7504465,  36.1850958,    -2.17,   194.00,   812.00
-75.7503197,  36.1851294,    -2.30,   206.00,   812.00
-75.7501930,  36.1851631,    -2.45,   218.00,   812.00
-75.7500662,  36.1851968,    -2.59,   230.00,   812.00
-75.7499394,  36.1852304,    -2.74,   242.00,   812.00
-75.7498127,  36.1852641,    -2.89,   254.00,   812.00
-75.7496859,  36.1852978,    -3.05,   266.00,   812.00
-75.7495591,  36.1853314,    -3.21,   278.00,   812.00
-75.7494324,  36.1853651,    -3.38,   290.00,   812.00
-75.7493056,  36.1853988,    -3.55,   302.00,   812.00
-75.7491788,  36.1854324,    -3.71,   314.00,   812.00
-75.7490520,  36.1854661,    -3.86,   326.00,   812.00
-75.7489253,  36.1854998,    -4.01,   338.00,   812.00
-75.7487985,  36.1855334,    -4.13,   350.00,   812.00
-75.7486717,  36.1855671,    -4.23,   362.00,   812.00
-75.7485450,  36.1856008,    -4.32,   374.00,   812.00
-75.7484182,  36.1856344,    -4.39,   386.00,   812.00
-75.7482914,  36.1856681,    -4.45,   398.00,   812.00
-75.7481647,  36.1857018,    -4.51,   410.00,   812.00
-75.7480379,  36.1857355,    -4.56,   422.00,   812.00
-75.7479111,  36.1857691,    -4.62,   434.00,   812.00
-75.7477844,  36.1858028,    -4.68,   446.00,   812.00
-75.7476576,  36.1858365,    -4.75,   458.00,   812.00
-75.7475308,  36.1858701,    -4.83,   470.00,   812.00
-75.7474040,  36.1859038,    -4.91,   482.00,   812.00
-75.7472773,  36.1859375,    -4.99,   494.00,   812.00
-75.7471505,  36.1859711,    -5.08,   506.00,   812.00
-75.7470237,  36.1860048,    -5.17,   518.00,   812.00
-75.7468970,  36.1860385,    -5.27,   530.00,   812.00
-75.7467702,  36.1860721,    -5.37,   542.00,   812.00
-75.7466434,  36.1861058,    -5.48,   554.00,   812.00
-75.7465167,  36.1861395,    -5.59,   566.00,   812.00
-75.7463899,  36.1861731,    -5.71,   578.00,   812.00
-75.7462631,  36.1862068,    -5.81,   590.00,   812.00
-75.7461364,  36.1862405,    -5.91,   602.00,   812.00
-75.7460096,  36.1862741,    -6.03,   614.00,   812.00
-75.7458828,  36.1863078,    -6.15,   626.00,   812.00
-75.7457560,  36.1863415,    -6.26,   638.00,   812.00
-75.7456293,  36.1863751,    -6.28,   650.00,   812.00
-75.7455025,  36.1864088,    -6.28,   662.00,   812.00
-75.7520508,  36.1848973,     6.86,    50.00,   836.00
-75.7519240,  36.1849309,     5.61,    62.00,   836.00
-75.7517973,  36.1849646,     3.30,    74.00,   836.00
-75.7516705,  36.1849983,     2.62,    86.00,   836.00
-75.7515437,  36.1850320,     1.74,    98.00,   836.00
-75.7514170,  36.1850656,     0.41,   110.00,   836.00
-75.7512902,  36.1850993,    -0.79,   122.00,   836.00
-75.7511634,  36.1851330,    -1.57,   134.00,   836.00
-75.7510366,  36.1851666,    -2.22,   146.00,   836.00
-75.7509099,  36.1852003,    -1.97,   158.00,   836.00
-75.7507831,  36.1852340,    -1.97,   170.00,   836.00
-75.7506563,  36.1852676,    -2.04,   182.00,   836.00
-75.7505296,  36.1853013,    -2.16,   194.00,   836.00
-75.7504028,  36.1853350,    -2.28,   206.00,   836.00
-75.7502760,  36.1853686,    -2.42,   218.00,   836.00
-75.7501493,  36.1854023,    -2.58,   230.00,   836.00
-75.7500225,  36.1854360,    -2.75,   242.00,   836.00
-75.7498957,  36.1854696,    -2.89,   254.00,   836.00
-75.7497690,  36.1855033,    -3.01,   266.00,   836.00
-75.7496422,  36.1855370,    -3.17,   278.00,   836.00
-75.7495154,  36.1855706,    -3.36,   290.00,   836.00
-75.7493886,  36.1856043,    -3.54,   302.00,   836.00
-75.7492619,  36.1856380,    -3.70,   314.00,   836.00
-75.7491351,  36.1856716,    -3.87,   326.00,   836.00
-75.7490083,  36.1857053,    -4.02,   338.00,   836.00
-75.7488816,  36.1857390,    -4.15,   350.00,   836.00
-75.7487548,  36.1857727,    -4.26,   362.00,   836.00
-75.7486280,  36.1858063,    -4.36,   374.00,   836.00
-75.7485013,  36.1858400,    -4.43,   386.00,   836.00
-75.7483745,  36.1858737,    -4.49,   398.00,   836.00
-75.7482477,  36.1859073,    -4.55,   410.00,   836.00
-75.7481210,  36.1859410,    -4.60,   422.00,   836.00
-75.7479942,  36.1859747,    -4.65,   434.00,   836.00
-75.7478674,  36.1860083,    -4.70,   446.00,   836.00
-75.7477406,  36.1860420,    -4.77,   458.00,   836.00
-75.7476139,  36.1860757,    -4.84,   470.00,   836.00
-75.7474871,  36.1861093,    -4.92,   482.00,   836.00
-75.7473603,  36.1861430,    -5.00,   494.00,   836.00
-75.7472336,  36.1861767,    -5.09,   506.00,   836.00
-75.7471068,  36.1862103,    -5.19,   518.00,   836.00
-75.7469800,  36.1862440,    -5.29,   530.00,   836.00
-75.7468533,  36.1862777,    -5.39,   542.00,   836.00
-75.7467265,  36.1863113,    -5.50,   554.00,   836.00
-75.7465997,  36.1863450,    -5.61,   566.00,   836.00
-75.7464729,  36.1863787,    -5.73,   578.00,   836.00
-75.7463462,  36.1864123,    -5.84,   590.00,   836.00
-75.7462194,  36.1864460,    -5.96,   602.00,   836.00
-75.7460926,  36.1864797,    -6.07,   614.00,   836.00
-75.7459659,  36.1865133,    -6.16,   626.00,   836.00
-75.7458391,  36.1865470,    -6.23,   638.00,   836.00
-75.7457123,  36.1865807,    -6.28,   650.00,   836.00
-75.7455856,  36.1866144,    -6.31,   662.00,   836.00
-75.7521339,  36.1851028,     6.44,    50.00,   860.00
-75.7520071,  36.1851365,     5.52,    62.00,   860.00
-75.7518803,  36.1851702,     3.32,    74.00,   860.00
-75.7517536,  36.1852038,     2.55,    86.00,   860.00
-75.7516268,  36.1852375,     1.80,    98.00,   860.00
-75.7515000,  36.1852712,     0.98,   110.00,   860.00
-75.7513732,  36.1853048,    -0.44,   122.00,   860.00
-75.7512465,  36.1853385,    -1.16,   134.00,   860.00
-75.7511197,  36.1853722,    -1.67,   146.00,   860.00
-75.7509929,  36.1854058,    -1.82,   158.00,   860.00
-75.7508662,  36.1854395,    -1.92,   170.00,   860.00
-75.7507394,  36.1854732,    -2.01,   182.00,   860.00
-75.7506126,  36.1855068,    -2.13,   194.00,   860.00
-75.7504859,  36.1855405,    -2.27,   206.00,   860.00
-75.7503591,  36.1855742,    -2.42,   218.00,   860.00
-75.7502323,  36.1856078,    -2.56,   230.00,   860.00
-75.7501056,  36.1856415,    -2.73,   242.00,   860.00
-75.7499788,  36.1856752,    -2.91,   254.00,   860.00
-75.7498520,  36.1857088,    -3.02,   266.00,   860.00
-75.7497252,  36.1857425,    -3.17,   278.00,   860.00
-75.7495985,  36.1857762,    -3.36,   290.00,   860.00
-75.7494717,  36.1858099,    -3.55,   302.00,   860.00
-75.7493449,  36.1858435,    -3.72,   314.00,   860.00
-75.7492182,  36.1858772,    -3.88,   326.00,   860.00
-75.7490914,  36.1859109,    -4.05,   338.00,   860.00
-75.7489646,  36.1859445,    -4.20,   350.00,   860.00
-75.7488379,  36.1859782,    -4.31,   362.00,   860.00
-75.7487111,  36.1860119,    -4.40,   374.00,   860.00
-75.7485843,  36.1860455,    -4.47,   386.00,   860.00
-75.7484576,  36.1860792,    -4.53,   398.00,   860.00
-75.7483308,  36.1861129,    -4.59,   410.00,   860.00
-75.7482040,  36.1861465,    -4.63,   422.00,   860.00
-75.7480772,  36.1861802,    -4.67,   434.00,   860.00
-75.7479505,  36.1862139,    -4.72,   446.00,   860.00
-75.7478237,  36.1862475,    -4.78,   458.00,   860.00
-75.7476969,  36.1862812,    -4.85,   470.00,   860.00
-75.7475702,  36.1863149,    -4.92,   482.00,   860.00
-75.7474434,  36.1863485,    -5.01,   494.00,   860.00
-75.7473166,  36.1863822,    -5.11,   506.00,   860.00
-75.7471899,  36.1864159,    -5.20,   518.00,   860.00
-75.7470631,  36.1864495,    -5.30,   530.00,   860.00
-75.7469363,  36.1864832,    -5.40,   542.00,   860.00
-75.7468095,  36.1865169,    -5.51,   554.00,   860.00
-75.7466828,  36.1865505,    -5.61,   566.00,   860.00
-75.7465560,  36.1865842,    -5.72,   578.00,   860.00
-75.7464292,  36.1866179,    -5.84,   590.00,   860.00
-75.7463025,  36.1866516,    -5.95,   602.00,   860.00
-75.7461757,  36.1866852,    -6.05,   614.00,   860.00
-75.7460489,  36.1867189,    -6.14,   626.00,   860.00
-75.7459222,  36.1867526,    -6.21,   638.00,   860.00
-75.7457954,  36.1867862,    -6.25,   650.00,   860.00
-75.7456686,  36.1868199,    -6.29,   662.00,   860.00
-75.7522169,  36.1853084,     6.93,    50.00,   884.00
-75.7520902,  36.1853420,     6.39,    62.00,   884.00
-75.7519634,  36.1853757,     3.53,    74.00,   884.00
-75.7518366,  36.1854094,     2.73,    86.00,   884.00
-75.7517098,  36.1854430,     1.91,    98.00,   884.00
-75.7515831,  36.1854767,     1.42,   110.00,   884.00
-75.7514563,  36.1855104,    -0.12,   122.00,   884.00
-75.7513295,  36.1855440,    -0.97,   134.00,   884.00
-75.7512028,  36.1855777,    -1.52,   146.00,   884.00
-75.7510760,  36.1856114,    -1.74,   158.00,   884.00
-75.7509492,  36.1856450,    -1.85,   170.00,   884.00
-75.7508225,  36.1856787,    -2.00,   182.00,   884.00
-75.7506957,  36.1857124,    -2.14,   194.00,   884.00
-75.7505689,  36.1857460,    -2.27,   206.00,   884.00
-75.7504422,  36.1857797,    -2.42,   218.00,   884.00
-75.7503154,  36.1858134,    -2.57,   230.00,   884.00
-75.7501886,  36.1858471,    -2.72,   242.00,   884.00
-75.7500618,  36.1858807,    -2.88,   254.00,   884.00
-75.7499351,  36.1859144,    -3.05,   266.00,   884.00
-75.7498083,  36.1859481,    -3.19,   278.00,   884.00
-75.7496815,  36.1859817,    -3.40,   290.00,   884.00
-75.7495548,  36.1860154,    -3.59,   302.00,   884.00
-75.7494280,  36.1860491,    -3.78,   314.00,   884.00
-75.7493012,  36.1860827,    -3.97,   326.00,   884.00
-75.7491745,  36.1861164,    -4.11,   338.00,   884.00
-75.7490477,  36.1861501,    -4.25,   350.00,   884.00
-75.7489209,  36.1861837,    -4.36,   362.00,   884.00
-75.7487941,  36.1862174,    -4.44,   374.00,   884.00
-75.7486674,  36.1862511,    -4.50,   386.00,   884.00
-75.7485406,  36.1862847,    -4.56,   398.00,   884.00
-75.7484138,  36.1863184,    -4.61,   410.00,   884.00
-75.7482871,  36.1863521,    -4.66,   422.00,   884.00
-75.7481603,  36.1863857,    -4.69,   434.00,   884.00
-75.7480335,  36.1864194,    -4.74,   446.00,   884.00
-75.7479068,  36.1864531,    -4.80,   458.00,   884.00
-75.7477800,  36.1864867,    -4.86,   470.00,   884.00
-75.7476532,  36.1865204,    -4.94,   482.00,   884.00
-75.7475265,  36.1865541,    -5.02,   494.00,   884.00
-75.7473997,  36.1865877,    -5.11,   506.00,   884.00
-75.7472729,  36.1866214,    -5.20,   518.00,   884.00
-75.7471461,  36.1866551,    -5.30,   530.00,   884.00
-75.7470194,  36.1866888,    -5.41,   542.00,   884.00
-75.7468926,  36.1867224,    -5.51,   554.00,   884.00
-75.7467658,  36.1867561,    -5.61,   566.00,   884.00
-75.7466391,  36.1867898,    -5.72,   578.00,   884.00
-75.7465123,  36.1868234,    -5.83,   590.00,   884.00
-75.7463855,  36.1868571,    -5.94,   602.00,   884.00
-75.7462588,  36.1868908,    -6.04,   614.00,   884.00
-75.7461320,  36.1869244,    -6.13,   626.00,   884.00
-75.7460052,  36.1869581,    -6.21,   638.00,   884.00
-75.7458785,  36.1869918,    -6.26,   650.00,   884.00
-75.7457517,  36.1870254,    -6.29,   662.00,   884.00
-75.7523000,  36.1855139,     7.39,    50.00,   908.00
-75.7521732,  36.1855476,     6.58,    62.00,   908.00
-75.7520464,  36.1855812,     3.66,    74.00,   908.00
-75.7519197,  36.1856149,     2.64,    86.00,   908.00
-75.7517929,  36.1856486,     2.14,    98.00,   908.00
-75.7516661,  36.1856822,     1.45,   110.00,   908.00
-75.7515394,  36.1857159,     0.24,   122.00,   908.00
-75.7514126,  36.1857496,    -0.80,   134.00,   908.00
-75.7512858,  36.1857832,    -1.34,   146.00,   908.00
-75.7511591,  36.1858169,    -1.70,   158.00,   908.00
-75.7510323,  36.1858506,    -1.85,   170.00,   908.00
-75.7509055,  36.1858843,    -1.99,   182.00,   908.00
-75.7507787,  36.1859179,    -2.12,   194.00,   908.00
-75.7506520,  36.1859516,    -2.22,   206.00,   908.00
-75.7505252,  36.1859853,    -2.35,   218.00,   908.00
-75.7503984,  36.1860189,    -2.51,   230.00,   908.00
-75.7502717,  36.1860526,    -2.67,   242.00,   908.00
-75.7501449,  36.1860863,    -2.83,   254.00,   908.00
-75.7500181,  36.1861199,    -3.01,   266.00,   908.00
-75.7498914,  36.1861536,    -3.21,   278.00,   908.00
-75.7497646,  36.1861873,    -3.41,   290.00,   908.00
-75.7496378,  36.1862209,    -3.61,   302.00,   908.00
-75.7495111,  36.1862546,    -3.80,   314.00,   908.00
-75.7493843,  36.1862883,    -3.96,   326.00,   908.00
-75.7492575,  36.1863219,    -4.13,   338.00,   908.00
-75.7491307,  36.1863556,    -4.27,   350.00,   908.00
-75.7490040,  36.1863893,    -4.37,   362.00,   908.00
-75.7488772,  36.1864229,    -4.45,   374.00,   908.00
-75.7487504,  36.1864566,    -4.53,   386.00,   908.00
-75.7486237,  36.1864903,    -4.59,   398.00,   908.00
-75.7484969,  36.1865239,    -4.63,   410.00,   908.00
-75.7483701,  36.1865576,    -4.67,   422.00,   908.00
-75.7482434,  36.1865913,    -4.71,   434.00,   908.00
-75.7481166,  36.1866249,    -4.75,   446.00,   908.00
-75.7479898,  36.1866586,    -4.81,   458.00,   908.00
-75.7478631,  36.1866923,    -4.87,   470.00,   908.00
-75.7477363,  36.1867260,    -4.94,   482.00,   908.00
-75.7476095,  36.1867596,    -5.03,   494.00,   908.00
-75.7474827,  36.1867933,    -5.11,   506.00,   908.00
-75.7473560,  36.1868270,    -5.21,   518.00,   908.00
-75.7472292,  36.1868606,    -5.30,   530.00,   908.00
-75.7471024,  36.1868943,    -5.40,   542.00,   908.00
-75.7469757,  36.1869280,    -5.51,   554.00,   908.00
-75.7468489,  36.1869616,    -5.61,   566.00,   908.00
-75.7467221,  36.1869953,    -5.71,   578.00,   908.00
-75.7465954,  36.1870290,    -5.82,   590.00,   908.00
-75.7464686,  36.1870626,    -5.93,   602.00,   908.00
-75.7463418,  36.1870963,    -6.03,   614.00,   908.00
-75.7462151,  36.1871300,    -6.13,   626.00,   908.00
-75.7460883,  36.1871636,    -6.22,   638.00,   908.00
-75.7459615,  36.1871973,    -6.26,   650.00,   908.00
-75.7458347,  36.1872310,    -6.28,   662.00,   908.00
-75.7523830,  36.1857194,     6.68,    50.00,   932.00
-75.7522563,  36.1857531,     5.92,    62.00,   932.00
-75.7521295,  36.1857868,     4.12,    74.00,   932.00
-75.7520027,  36.1858204,     2.94,    86.00,   932.00
-75.7518760,  36.1858541,     2.28,    98.00,   932.00
-75.7517492,  36.1858878,     1.66,   110.00,   932.00
-75.7516224,  36.1859215,     0.51,   122.00,   932.00
-75.7514957,  36.1859551,    -0.55,   134.00,   932.00
-75.7513689,  36.1859888,    -1.17,   146.00,   932.00
-75.7512421,  36.1860225,    -1.59,   158.00,   932.00
-75.7511153,  36.1860561,    -1.83,   170.00,   932.00
-75.7509886,  36.1860898,    -1.95,   182.00,   932.00
-75.7508618,  36.1861235,    -2.02,   194.00,   932.00
-75.7507350,  36.1861571,    -2.11,   206.00,   932.00
-75.7506083,  36.1861908,    -2.24,   218.00,   932.00
-75.7504815,  36.1862245,    -2.40,   230.00,   932.00
-75.7503547,  36.1862581,    -2.58,   242.00,   932.00
-75.7502280,  36.1862918,    -2.76,   254.00,   932.00
-75.7501012,  36.1863255,    -2.97,   266.00,   932.00
-75.7499744,  36.1863591,    -3.19,   278.00,   932.00
-75.7498477,  36.1863928,    -3.40,   290.00,   932.00
-75.7497209,  36.1864265,    -3.61,   302.00,   932.00
-75.7495941,  36.1864601,    -3.80,   314.00,   932.00
-75.7494673,  36.1864938,    -3.97,   326.00,   932.00
-75.7493406,  36.1865275,    -4.13,   338.00,   932.00
-75.7492138,  36.1865611,    -4.25,   350.00,   932.00
-75.7490870,  36.1865948,    -4.35,   362.00,   932.00
-75.7489603,  36.1866285,    -4.43,   374.00,   932.00
-75.7488335,  36.1866621,    -4.50,   386.00,   932.00
-75.7487067,  36.1866958,    -4.57,   398.00,   932.00
-75.7485800,  36.1867295,    -4.61,   410.00,   932.00
-75.7484532,  36.1867632,    -4.66,   422.00,   932.00
-75.7483264,  36.1867968,    -4.70,   434.00,   932.00
-75.7481997,  36.1868305,    -4.75,   446.00,   932.00
-75.7480729,  36.1868642,    -4.80,   458.00,   932.00
-75.7479461,  36.1868978,    -4.87,   470.00,   932.00
-75.7478193,  36.1869315,    -4.94,   482.00,   932.00
-75.7476926,  36.1869652,    -5.02,   494.00,   932.00
-75.7475658,  36.1869988,    -5.11,   506.00,   932.00
-75.7474390,  36.1870325,    -5.20,   518.00,   932.00
-75.7473123,  36.1870662,    -5.29,   530.00,   932.00
-75.7471855,  36.1870998,    -5.40,   542.00,   932.00
-75.7470587,  36.1871335,    -5.50,   554.00,   932.00
-75.7469320,  36.1871672,    -5.60,   566.00,   932.00
-75.7468052,  36.1872008,    -5.70,   578.00,   932.00
-75.7466784,  36.1872345,    -5.80,   590.00,   932.00
-75.7465517,  36.1872682,    -5.91,   602.00,   932.00
-75.7464249,  36.1873018,    -6.01,   614.00,   932.00
-75.7462981,  36.1873355,    -6.10,   626.00,   932.00
-75.7461713,  36.1873692,    -6.18,   638.00,   932.00
-75.7460446,  36.1874028,    -6.23,   650.00,   932.00
-75.7459178,  36.1874365,    -6.26,   662.00,   932.00
-75.7524661,  36.1859250,     6.77,    50.00,   956.00
-75.7523393,  36.1859587,     6.94,    62.00,   956.00
-75.7522126,  36.1859923,     4.29,    74.00,   956.00
-75.7520858,  36.1860260,     2.88,    86.00,   956.00
-75.7519590,  36.1860597,     2.29,    98.00,   956.00
-75.7518323,  36.1860933,     2.03,   110.00,   956.00
-75.7517055,  36.1861270,     0.74,   122.00,   956.00
-75.7515787,  36.1861607,    -0.38,   134.00,   956.00
-75.7514519,  36.1861943,    -1.03,   146.00,   956.00
-75.7513252,  36.1862280,    -1.52,   158.00,   956.00
-75.7511984,  36.1862617,    -1.80,   170.00,   956.00
-75.7510716,  36.1862953,    -1.95,   182.00,   956.00
-75.7509449,  36.1863290,    -2.00,   194.00,   956.00
-75.7508181,  36.1863627,    -2.02,   206.00,   956.00
-75.7506913,  36.1863963,    -2.14,   218.00,   956.00
-75.7505646,  36.1864300,    -2.31,   230.00,   956.00
-75.7504378,  36.1864637,    -2.49,   242.00,   956.00
-75.7503110,  36.1864973,    -2.70,   254.00,   956.00
-75.7501843,  36.1865310,    -2.94,   266.00,   956.00
-75.7500575,  36.1865647,    -3.16,   278.00,   956.00
-75.7499307,  36.1865983,    -3.38,   290.00,   956.00
-75.7498039,  36.1866320,    -3.59,   302.00,   956.00
-75.7496772,  36.1866657,    -3.79,   314.00,   956.00
-75.7495504,  36.1866993,    -3.97,   326.00,   956.00
-75.7494236,  36.1867330,    -4.12,   338.00,   956.00
-75.7492969,  36.1867667,    -4.26,   350.00,   956.00
-75.7491701,  36.1868004,    -4.36,   362.00,   956.00
-75.7490433,  36.1868340,    -4.44,   374.00,   956.00
-75.7489166,  36.1868677,    -4.51,   386.00,   956.00
-75.7487898,  36.1869014,    -4.56,   398.00,   956.00
-75.7486630,  36.1869350,    -4.60,   410.00,   956.00
-75.7485363,  36.1869687,    -4.64,   422.00,   956.00
-75.7484095,  36.1870024,    -4.69,   434.00,   956.00
-75.7482827,  36.1870360,    -4.74,   446.00,   956.00
-75.7481559,  36.1870697,    -4.80,   458.00,   956.00
-75.7480292,  36.1871034,    -4.86,   470.00,   956.00
-75.7479024,  36.1871370,    -4.93,   482.00,   956.00
-75.7477756,  36.1871707,    -5.01,   494.00,   956.00
-75.7476489,  36.1872044,    -5.09,   506.00,   956.00
-75.7475221,  36.1872380,    -5.20,   518.00,   956.00
-75.7473953,  36.1872717,    -5.30,   530.00,   956.00
-75.7472686,  36.1873054,    -5.39,   542.00,   956.00
-75.7471418,  36.1873390,    -5.49,   554.00,   956.00
-75.7470150,  36.1873727,    -5.59,   566.00,   956.00
-75.7468883,  36.1874064,    -5.69,   578.00,   956.00
-75.7467615,  36.1874400,    -5.79,   590.00,   956.00
-75.7466347,  36.1874737,    -5.90,   602.00,   956.00
-75.7465079,  36.1875074,    -6.00,   614.00,   956.00
-75.7463812,  36.1875411,    -6.08,   626.00,   956.00
-75.7462544,  36.1875747,    -6.16,   638.00,   956.00
-75.7461276,  36.1876084,    -6.22,   650.00,   956.00
-75.7460009,  36.1876421,    -6.25,   662.00,   956.00
-75.7525492,  36.1861305,     6.06,    50.00,   980.00
-75.7524224,  36.1861642,     6.06,    62.00,   980.00
-75.7522956,  36.1861979,     4.15,    74.00,   980.00
-75.7521689,  36.1862315,     3.23,    86.00,   980.00
-75.7520421,  36.1862652,     2.42,    98.00,   980.00
-75.7519153,  36.1862989,     2.17,   110.00,   980.00
-75.7517885,  36.1863325,     1.08,   122.00,   980.00
-75.7516618,  36.1863662,    -0.21,   134.00,   980.00
-75.7515350,  36.1863999,    -1.00,   146.00,   980.00
-75.7514082,  36.1864335,    -1.45,   158.00,   980.00
-75.7512815,  36.1864672,    -1.69,   170.00,   980.00
-75.7511547,  36.1865009,    -1.89,   182.00,   980.00
-75.7510279,  36.1865345,    -1.99,   194.00,   980.00
-75.7509012,  36.1865682,    -2.01,   206.00,   980.00
-75.7507744,  36.1866019,    -2.06,   218.00,   980.00
-75.7506476,  36.1866355,    -2.22,   230.00,   980.00
-75.7505209,  36.1866692,    -2.41,   242.00,   980.00
-75.7503941,  36.1867029,    -2.62,   254.00,   980.00
-75.7502673,  36.1867365,    -2.83,   266.00,   980.00
-75.7501405,  36.1867702,    -3.07,   278.00,   980.00
-75.7500138,  36.1868039,    -3.31,   290.00,   980.00
-75.7498870,  36.1868376,    -3.54,   302.00,   980.00
-75.7497602,  36.1868712,    -3.75,   314.00,   980.00
-75.7496335,  36.1869049,    -3.93,   326.00,   980.00
-75.7495067,  36.1869386,    -4.08,   338.00,   980.00
-75.7493799,  36.1869722,    -4.23,   350.00,   980.00
-75.7492532,  36.1870059,    -4.33,   362.00,   980.00
-75.7491264,  36.1870396,    -4.42,   374.00,   980.00
-75.7489996,  36.1870732,    -4.48,   386.00,   980.00
-75.7488729,  36.1871069,    -4.53,   398.00,   980.00
-75.7487461,  36.1871406,    -4.57,   410.00,   980.00
-75.7486193,  36.1871742,    -4.62,   422.00,   980.00
-75.7484925,  36.1872079,    -4.67,   434.00,   980.00
-75.7483658,  36.1872416,    -4.72,   446.00,   980.00
-75.7482390,  36.1872752,    -4.78,   458.00,   980.00
-75.7481122,  36.1873089,    -4.85,   470.00,   980.00
-75.7479855,  36.1873426,    -4.92,   482.00,   980.00
-75.7478587,  36.1873762,    -5.00,   494.00,   980.00
-75.7477319,  36.1874099,    -5.09,   506.00,   980.00
-75.7476052,  36.1874436,    -5.18,   518.00,   980.00
-75.7474784,  36.1874772,    -5.27,   530.00,   980.00
-75.7473516,  36.1875109,    -5.38,   542.00,   980.00
-75.7472249,  36.1875446,    -5.48,   554.00,   980.00
-75.7470981,  36.1875783,    -5.58,   566.00,   980.00
-75.7469713,  36.1876119,    -5.68,   578.00,   980.00
-75.7468445,  36.1876456,    -5.78,   590.00,   980.00
-75.7467178,  36.1876793,    -5.89,   602.00,   980.00
-75.7465910,  36.1877129,    -5.99,   614.00,   980.00
-75.7464642,  36.1877466,    -6.07,   626.00,   980.00
-75.7463375,  36.1877803,    -6.16,   638.00,   980.00
-75.7462107,  36.1878139,    -6.22,   650.00,   980.00
-75.7460839,  36.1878476,    -6.26,   662.00,   980.00
-75.7526322,  36.1863361,     5.87,    50.00,  1004.00
-75.7525055,  36.1863697,     5.88,    62.00,  1004.00
-75.7523787,  36.1864034,     4.24,    74.00,  1004.00
-75.7522519,  36.1864371,     3.22,    86.00,  1004.00
-75.7521251,  36.1864707,     2.63,    98.00,  1004.00
-75.7519984,  36.1865044,     2.24,   110.00,  1004.00
-75.7518716,  36.1865381,     1.16,   122.00,  1004.00
-75.7517448,  36.1865717,    -0.12,   134.00,  1004.00
-75.7516181,  36.1866054,    -1.11,   146.00,  1004.00
-75.7514913,  36.1866391,    -1.93,   158.00,  1004.00
-75.7513645,  36.1866727,    -2.15,   170.00,  1004.00
-75.7512378,  36.1867064,    -1.90,   182.00,  1004.00
-75.7511110,  36.1867401,    -1.93,   194.00,  1004.00
-75.7509842,  36.1867737,    -2.02,   206.00,  1004.00
-75.7508575,  36.1868074,    -2.02,   218.00,  1004.00
-75.7507307,  36.1868411,    -2.14,   230.00,  1004.00
-75.7506039,  36.1868748,    -2.34,   242.00,  1004.00
-75.7504771,  36.1869084,    -2.56,   254.00,  1004.00
-75.7503504,  36.1869421,    -2.79,   266.00,  1004.00
-75.7502236,  36.1869758,    -3.02,   278.00,  1004.00
-75.7500968,  36.1870094,    -3.27,   290.00,  1004.00
-75.7499701,  36.1870431,    -3.50,   302.00,  1004.00
-75.7498433,  36.1870768,    -3.70,   314.00,  1004.00
-75.7497165,  36.1871104,    -3.89,   326.00,  1004.00
-75.7495898,  36.1871441,    -4.04,   338.00,  1004.00
-75.7494630,  36.1871778,    -4.18,   350.00,  1004.00
-75.7493362,  36.1872114,    -4.29,   362.00,  1004.00
-75.7492095,  36.1872451,    -4.37,   374.00,  1004.00
-75.7490827,  36.1872788,    -4.44,   386.00,  1004.00
-75.7489559,  36.1873124,    -4.49,   398.00,  1004.00
-75.7488291,  36.1873461,    -4.54,   410.00,  1004.00
-75.7487024,  36.1873798,    -4.59,   422.00,  1004.00
-75.7485756,  36.1874134,    -4.65,   434.00,  1004.00
-75.7484488,  36.1874471,    -4.70,   446.00,  1004.00
-75.7483221,  36.1874808,    -4.76,   458.00,  1004.00
-75.7481953,  36.1875144,    -4.83,   470.00,  1004.00
-75.7480685,  36.1875481,    -4.90,   482.00,  1004.00
-75.7479418,  36.1875818,    -4.99,   494.00,  1004.00
-75.7478150,  36.1876155,    -5.08,   506.00,  1004.00
-75.7476882,  36.1876491,    -5.17,   518.00,  1004.00
-75.7475615,  36.1876828,    -5.27,   530.00,  1004.00
-75.7474347,  36.1877165,    -5.37,   542.00,  1004.00
-75.7473079,  36.1877501,    -5.47,   554.00,  1004.00
-75.7471811,  36.1877838,    -5.57,   566.00,  1004.00
-75.7470544,  36.1878175,    -5.67,   578.00,  1004.00
-75.7469276,  36.1878511,    -5.77,   590.00,  1004.00
-75.7468008,  36.1878848,    -5.88,   602.00,  1004.00
-75.7466741,  36.1879185,    -5.98,   614.00,  1004.00
-75.7465473,  36.1879521,    -6.08,   626.00,  1004.00
-75.7464205,  36.1879858,    -6.18,   638.00,  1004.00
-75.7462938,  36.1880195,    -6.27,   650.00,  1004.00
-75.7461670,  36.1880531,    -6.29,   662.00,  1004.00
-75.7527153,  36.1865416,     5.68,    50.00,  1028.00
-75.7525885,  36.1865753,     6.42,    62.00,  1028.00
-75.7524617,  36.1866089,     4.71,    74.00,  1028.00
-75.7523350,  36.1866426,     3.31,    86.00,  1028.00
-75.7522082,  36.1866763,     2.57,    98.00,  1028.00
-75.7520814,  36.1867099,     2.20,   110.00,  1028.00
-75.7519547,  36.1867436,     0.98,   122.00,  1028.00
-75.7518279,  36.1867773,    -0.27,   134.00,  1028.00
-75.7517011,  36.1868109,    -1.37,   146.00,  1028.00
-75.7515744,  36.1868446,    -2.19,   158.00,  1028.00
-75.7514476,  36.1868783,    -2.43,   170.00,  1028.00
-75.7513208,  36.1869120,    -2.14,   182.00,  1028.00
-75.7511941,  36.1869456,    -1.99,   194.00,  1028.00
-75.7510673,  36.1869793,    -2.15,   206.00,  1028.00
-75.7509405,  36.1870130,    -2.11,   218.00,  1028.00
-75.7508137,  36.1870466,    -2.24,   230.00,  1028.00
-75.7506870,  36.1870803,    -2.46,   242.00,  1028.00
-75.7505602,  36.1871140,    -2.70,   254.00,  1028.00
-75.7504334,  36.1871476,    -2.92,   266.00,  1028.00
-75.7503067,  36.1871813,    -3.16,   278.00,  1028.00
-75.7501799,  36.1872150,    -3.41,   290.00,  1028.00
-75.7500531,  36.1872486,    -3.64,   302.00,  1028.00
-75.7499264,  36.1872823,    -3.85,   314.00,  1028.00
-75.7497996,  36.1873160,    -4.05,   326.00,  1028.00
-75.7496728,  36.1873496,    -4.21,   338.00,  1028.00
-75.7495461,  36.1873833,    -4.34,   350.00,  1028.00
-75.7494193,  36.1874170,    -4.45,   362.00,  1028.00
-75.7492925,  36.1874506,    -4.55,   374.00,  1028.00
-75.7491657,  36.1874843,    -4.62,   386.00,  1028.00
-75.7490390,  36.1875180,    -4.69,   398.00,  1028.00
-75.7489122,  36.1875516,    -4.73,   410.00,  1028.00
-75.7487854,  36.1875853,    -4.73,   422.00,  1028.00
-75.7486587,  36.1876190,    -4.76,   434.00,  1028.00
-75.7485319,  36.1876527,    -4.80,   446.00,  1028.00
-75.7484051,  36.1876863,    -4.84,   458.00,  1028.00
-75.7482784,  36.1877200,    -4.89,   470.00,  1028.00
-75.7481516,  36.1877537,    -4.95,   482.00,  1028.00
-75.7480248,  36.1877873,    -5.01,   494.00,  1028.00
-75.7478981,  36.1878210,    -5.08,   506.00,  1028.00
-75.7477713,  36.1878547,    -5.16,   518.00,  1028.00
-75.7476445,  36.1878883,    -5.25,   530.00,  1028.00
-75.7475177,  36.1879220,    -5.34,   542.00,  1028.00
-75.7473910,  36.1879557,    -5.43,   554.00,  1028.00
-75.7472642,  36.1879893,    -5.53,   566.00,  1028.00
-75.7471374,  36.1880230,    -5.63,   578.00,  1028.00
-75.7470107,  36.1880567,    -5.73,   590.00,  1028.00
-75.7468839,  36.1880903,    -5.83,   602.00,  1028.00
-75.7467571,  36.1881240,    -5.93,   614.00,  1028.00
-75.7466304,  36.1881577,    -6.01,   626.00,  1028.00
-75.7465036,  36.1881913,    -6.10,   638.00,  1028.00
-75.7463768,  36.1882250,    -6.17,   650.00,  1028.00
-75.7462500,  36.1882587,    -6.20,   662.00,  1028.00
-75.7527983,  36.1867471,     6.20,    50.00,  1052.00
-75.7526716,  36.1867808,     6.11,    62.00,  1052.00
-75.7525448,  36.1868145,     4.64,    74.00,  1052.00
-75.7524180,  36.1868481,     3.43,    86.00,  1052.00
-75.7522913,  36.1868818,     2.84,    98.00,  1052.00
-75.7521645,  36.1869155,     2.63,   110.00,  1052.00
-75.7520377,  36.1869492,     1.38,   122.00,  1052.00
-75.7519110,  36.1869828,     0.07,   134.00,  1052.00
-75.7517842,  36.1870165,    -1.12,   146.00,  1052.00
-75.7516574,  36.1870502,    -2.03,   158.00,  1052.00
-75.7515307,  36.1870838,    -2.53,   170.00,  1052.00
-75.7514039,  36.1871175,    -2.41,   182.00,  1052.00
-75.7512771,  36.1871512,    -1.99,   194.00,  1052.00
-75.7511503,  36.1871848,    -1.99,   206.00,  1052.00
-75.7510236,  36.1872185,    -2.03,   218.00,  1052.00
-75.7508968,  36.1872522,    -2.07,   230.00,  1052.00
-75.7507700,  36.1872858,    -2.29,   242.00,  1052.00
-75.7506433,  36.1873195,    -2.52,   254.00,  1052.00
-75.7505165,  36.1873532,    -2.77,   266.00,  1052.00
-75.7503897,  36.1873868,    -3.01,   278.00,  1052.00
-75.7502630,  36.1874205,    -3.26,   290.00,  1052.00
-75.7501362,  36.1874542,    -3.51,   302.00,  1052.00
-75.7500094,  36.1874878,    -3.74,   314.00,  1052.00
-75.7498827,  36.1875215,    -3.94,   326.00,  1052.00
-75.7497559,  36.1875552,    -4.11,   338.00,  1052.00
-75.7496291,  36.1875888,    -4.24,   350.00,  1052.00
-75.7495023,  36.1876225,    -4.36,   362.00,  1052.00
-75.7493756,  36.1876562,    -4.46,   374.00,  1052.00
-75.7492488,  36.1876899,    -4.55,   386.00,  1052.00
-75.7491220,  36.1877235,    -4.62,   398.00,  1052.00
-75.7489953,  36.1877572,    -4.69,   410.00,  1052.00
-75.7488685,  36.1877909,    -4.76,   422.00,  1052.00
-75.7487417,  36.1878245,    -4.82,   434.00,  1052.00
-75.7486150,  36.1878582,    -4.90,   446.00,  1052.00
-75.7484882,  36.1878919,    -4.93,   458.00,  1052.00
-75.7483614,  36.1879255,    -4.95,   470.00,  1052.00
-75.7482347,  36.1879592,    -4.98,   482.00,  1052.00
-75.7481079,  36.1879929,    -5.02,   494.00,  1052.00
-75.7479811,  36.1880265,    -5.07,   506.00,  1052.00
-75.7478543,  36.1880602,    -5.14,   518.00,  1052.00
-75.7477276,  36.1880939,    -5.21,   530.00,  1052.00
-75.7476008,  36.1881275,    -5.29,   542.00,  1052.00
-75.7474740,  36.1881612,    -5.38,   554.00,  1052.00
-75.7473473,  36.1881949,    -5.47,   566.00,  1052.00
-75.7472205,  36.1882285,    -5.56,   578.00,  1052.00
-75.7470937,  36.1882622,    -5.66,   590.00,  1052.00
-75.7469670,  36.1882959,    -5.76,   602.00,  1052.00
-75.7468402,  36.1883295,    -5.86,   614.00,  1052.00
-75.7467134,  36.1883632,    -5.92,   626.00,  1052.00
-75.7465866,  36.1883969,    -5.99,   638.00,  1052.00
-75.7464599,  36.1884306,    -6.06,   650.00,  1052.00
-75.7463331,  36.1884642,    -6.10,   662.00,  1052.00
-75.7528814,  36.1869527,     5.70,    50.00,  1076.00
-75.7527546,  36.1869864,     5.21,    62.00,  1076.00
-75.7526279,  36.1870200,     4.52,    74.00,  1076.00
-75.7525011,  36.1870537,     3.72,    86.00,  1076.00
-75.7523743,  36.1870874,     2.95,    98.00,  1076.00
-75.7522476,  36.1871210,     2.32,   110.00,  1076.00
-75.7521208,  36.1871547,     1.32,   122.00,  1076.00
-75.7519940,  36.1871884,    -0.01,   134.00,  1076.00
-75.7518673,  36.1872220,    -1.17,   146.00,  1076.00
-75.7517405,  36.1872557,    -2.04,   158.00,  1076.00
-75.7516137,  36.1872894,    -2.40,   170.00,  1076.00
-75.7514869,  36.1873230,    -2.36,   182.00,  1076.00
-75.7513602,  36.1873567,    -2.13,   194.00,  1076.00
-75.7512334,  36.1873904,    -1.99,   206.00,  1076.00
-75.7511066,  36.1874240,    -2.02,   218.00,  1076.00
-75.7509799,  36.1874577,    -2.10,   230.00,  1076.00
-75.7508531,  36.1874914,    -2.25,   242.00,  1076.00
-75.7507263,  36.1875250,    -2.46,   254.00,  1076.00
-75.7505996,  36.1875587,    -2.70,   266.00,  1076.00
-75.7504728,  36.1875924,    -2.95,   278.00,  1076.00
-75.7503460,  36.1876260,    -3.21,   290.00,  1076.00
-75.7502193,  36.1876597,    -3.46,   302.00,  1076.00
-75.7500925,  36.1876934,    -3.68,   314.00,  1076.00
-75.7499657,  36.1877271,    -3.88,   326.00,  1076.00
-75.7498389,  36.1877607,    -4.04,   338.00,  1076.00
-75.7497122,  36.1877944,    -4.19,   350.00,  1076.00
-75.7495854,  36.1878281,    -4.30,   362.00,  1076.00
-75.7494586,  36.1878617,    -4.40,   374.00,  1076.00
-75.7493319,  36.1878954,    -4.47,   386.00,  1076.00
-75.7492051,  36.1879291,    -4.54,   398.00,  1076.00
-75.7490783,  36.1879627,    -4.61,   410.00,  1076.00
-75.7489516,  36.1879964,    -4.69,   422.00,  1076.00
-75.7488248,  36.1880301,    -4.76,   434.00,  1076.00
-75.7486980,  36.1880637,    -4.82,   446.00,  1076.00
-75.7485712,  36.1880974,    -4.88,   458.00,  1076.00
-75.7484445,  36.1881311,    -4.92,   470.00,  1076.00
-75.7483177,  36.1881647,    -4.97,   482.00,  1076.00
-75.7481909,  36.1881984,    -5.01,   494.00,  1076.00
-75.7480642,  36.1882321,    -5.06,   506.00,  1076.00
-75.7479374,  36.1882657,    -5.11,   518.00,  1076.00
-75.7478106,  36.1882994,    -5.18,   530.00,  1076.00
-75.7476839,  36.1883331,    -5.25,   542.00,  1076.00
-75.7475571,  36.1883667,    -5.33,   554.00,  1076.00
-75.7474303,  36.1884004,    -5.41,   566.00,  1076.00
-75.7473036,  36.1884341,    -5.50,   578.00,  1076.00
-75.7471768,  36.1884678,    -5.59,   590.00,  1076.00
-75.7470500,  36.1885014,    -5.69,   602.00,  1076.00
-75.7469232,  36.1885351,    -5.78,   614.00,  1076.00
-75.7467965,  36.1885688,    -5.83,   626.00,  1076.00
-75.7466697,  36.1886024,    -5.89,   638.00,  1076.00
-75.7465429,  36.1886361,    -5.96,   650.00,  1076.00
-75.7464162,  36.1886698,    -6.00,   662.00,  1076.00
-75.7529645,  36.1871582,     5.21,    50.00,  1100.00
-75.7528377,  36.1871919,     5.56,    62.00,  1100.00
-75.7527109,  36.1872256,     4.75,    74.00,  1100.00
-75.7525842,  36.1872592,     3.52,    86.00,  1100.00
-75.7524574,  36.1872929,     2.88,    98.00,  1100.00
-75.7523306,  36.1873266,     2.55,   110.00,  1100.00
-75.7522039,  36.1873602,     1.31,   122.00,  1100.00
-75.7520771,  36.1873939,    -0.11,   134.00,  1100.00
-75.7519503,  36.1874276,    -1.37,   146.00,  1100.00
-75.7518235,  36.1874612,    -2.13,   158.00,  1100.00
-75.7516968,  36.1874949,    -2.51,   170.00,  1100.00
-75.7515700,  36.1875286,    -2.51,   182.00,  1100.00
-75.7514432,  36.1875622,    -1.97,   194.00,  1100.00
-75.7513165,  36.1875959,    -1.93,   206.00,  1100.00
-75.7511897,  36.1876296,    -2.02,   218.00,  1100.00
-75.7510629,  36.1876632,    -2.07,   230.00,  1100.00
-75.7509362,  36.1876969,    -2.22,   242.00,  1100.00
-75.7508094,  36.1877306,    -2.41,   254.00,  1100.00
-75.7506826,  36.1877643,    -2.64,   266.00,  1100.00
-75.7505558,  36.1877979,    -2.90,   278.00,  1100.00
-75.7504291,  36.1878316,    -3.15,   290.00,  1100.00
-75.7503023,  36.1878653,    -3.39,   302.00,  1100.00
-75.7501755,  36.1878989,    -3.62,   314.00,  1100.00
-75.7500488,  36.1879326,    -3.84,   326.00,  1100.00
-75.7499220,  36.1879663,    -4.00,   338.00,  1100.00
-75.7497952,  36.1879999,    -4.14,   350.00,  1100.00
-75.7496685,  36.1880336,    -4.25,   362.00,  1100.00
-75.7495417,  36.1880673,    -4.33,   374.00,  1100.00
-75.7494149,  36.1881009,    -4.40,   386.00,  1100.00
-75.7492882,  36.1881346,    -4.47,   398.00,  1100.00
-75.7491614,  36.1881683,    -4.54,   410.00,  1100.00
-75.7490346,  36.1882019,    -4.61,   422.00,  1100.00
-75.7489078,  36.1882356,    -4.69,   434.00,  1100.00
-75.7487811,  36.1882693,    -4.74,   446.00,  1100.00
-75.7486543,  36.1883029,    -4.81,   458.00,  1100.00
-75.7485275,  36.1883366,    -4.89,   470.00,  1100.00
-75.7484008,  36.1883703,    -4.95,   482.00,  1100.00
-75.7482740,  36.1884039,    -5.00,   494.00,  1100.00
-75.7481472,  36.1884376,    -5.03,   506.00,  1100.00
-75.7480205,  36.1884713,    -5.10,   518.00,  1100.00
-75.7478937,  36.1885050,    -5.16,   530.00,  1100.00
-75.7477669,  36.1885386,    -5.22,   542.00,  1100.00
-75.7476402,  36.1885723,    -5.29,   554.00,  1100.00
-75.7475134,  36.1886060,    -5.36,   566.00,  1100.00
-75.7473866,  36.1886396,    -5.44,   578.00,  1100.00
-75.7472598,  36.1886733,    -5.53,   590.00,  1100.00
-75.7471331,  36.1887070,    -5.63,   602.00,  1100.00
-75.7470063,  36.1887406,    -5.72,   614.00,  1100.00
-75.7468795,  36.1887743,    -5.76,   626.00,  1100.00
-75.7467528,  36.1888080,    -5.82,   638.00,  1100.00
-75.7466260,  36.1888416,    -5.88,   650.00,  1100.00
-75.7464992,  36.1888753,    -5.91,   662.00,  1100.00
