-75.7515481,  36.1843480,     2.77,    74.00,   764.00
-75.7514213,  36.1843817,     2.16,    86.00,   764.00
-75.7512945,  36.1844153,     1.27,    98.00,   764.00
-75.7511678,  36.1844490,     0.18,   110.00,   764.00
-75.7510410,  36.1844827,    -1.03,   122.00,   764.00
-75.7509142,  36.1845163,    -1.84,   134.00,   764.00
-75.7507875,  36.1845500,    -2.34,   146.00,   764.00
-75.7506607,  36.1845837,    -2.69,   158.00,   764.00
-75.7505339,  36.1846173,    -2.80,   170.00,   764.00
-75.7504072,  36.1846510,    -2.81,   182.00,   764.00
-75.7502804,  36.1846847,    -2.81,   194.00,   764.00
-75.7501536,  36.1847183,    -2.71,   206.00,   764.00
-75.7500268,  36.1847520,    -2.55,   218.00,   764.00
-75.7499001,  36.1847857,    -2.38,   230.00,   764.00
-75.7497733,  36.1848193,    -2.40,   242.00,   764.00
-75.7496465,  36.1848530,    -2.58,   254.00,   764.00
-75.7495198,  36.1848867,    -2.78,   266.00,   764.00
-75.7493930,  36.1849204,    -3.00,   278.00,   764.00
-75.7492662,  36.1849540,    -3.21,   290.00,   764.00
-75.7491395,  36.1849877,    -3.31,   302.00,   764.00
-75.7490127,  36.1850214,    -3.54,   314.00,   764.00
-75.7488859,  36.1850550,    -3.71,   326.00,   764.00
-75.7487592,  36.1850887,    -3.86,   338.00,   764.00
-75.7486324,  36.1851224,    -3.99,   350.00,   764.00
-75.7485056,  36.1851560,    -4.10,   362.00,   764.00
-75.7483788,  36.1851897,    -4.16,   374.00,   764.00
-75.7482521,  36.1852234,    -4.21,   386.00,   764.00
-75.7481253,  36.1852570,    -4.24,   398.00,   764.00
-75.7479985,  36.1852907,    -4.26,   410.00,   764.00
-75.7478718,  36.1853244,    -4.28,   422.00,   764.00
-75.7477450,  36.1853580,    -4.32,   434.00,   764.00
-75.7476182,  36.1853917,    -4.34,   446.00,   764.00
-75.7474915,  36.1854254,    -4.37,   458.00,   764.00
-75.7473647,  36.1854590,    -4.40,   470.00,   764.00
-75.7472379,  36.1854927,    -4.45,   482.00,   764.00
-75.7471112,  36.1855264,    -4.48,   494.00,   764.00
-75.7469844,  36.1855600,    -4.54,   506.00,   764.00
-75.7468576,  36.1855937,    -4.61,   518.00,   764.00
-75.7467308,  36.1856274,    -4.65,   530.00,   764.00
-75.7466041,  36.1856611,    -4.72,   542.00,   764.00
-75.7464773,  36.1856947,    -4.77,   554.00,   764.00
-75.7463505,  36.1857284,    -4.83,   566.00,   764.00
-75.7462238,  36.1857621,    -4.92,   578.00,   764.00
-75.7460970,  36.1857957,    -4.98,   590.00,   764.00
-75.7459702,  36.1858294,    -5.06,   602.00,   764.00
-75.7458435,  36.1858631,    -5.13,   614.00,   764.00
-75.7457167,  36.1858967,    -5.20,   626.00,   764.00
-75.7455899,  36.1859304,    -5.35,   638.00,   764.00
-75.7454632,  36.1859641,    -5.39,   650.00,   764.00
-75.7453364,  36.1859977,    -5.43,   662.00,   764.00
-75.7452096,  36.1860314,    -6.43,   674.00,   764.00
-75.7450828,  36.1860651,    -6.51,   686.00,   764.00
-75.7449561,  36.1860987,    -6.58,   698.00,   764.00
-75.7448293,  36.1861324,    -6.59,   710.00,   764.00
-75.7447025,  36.1861661,    -6.59,   722.00,   764.00
-75.7445758,  36.1861997,    -6.60,   734.00,   764.00
-75.7444490,  36.1862334,    -6.55,   746.00,   764.00
-75.7516311,  36.1845535,     2.84,    74.00,   788.00
-75.7515044,  36.1845872,     2.21,    86.00,   788.00
-75.7513776,  36.1846209,     1.29,    98.00,   788.00
-75.7512508,  36.1846545,     0.21,   110.00,   788.00
-75.7511241,  36.1846882,    -0.92,   122.00,   788.00
-75.7509973,  36.1847219,    -1.78,   134.00,   788.00
-75.7508705,  36.1847555,    -2.27,   146.00,   788.00
-75.7507438,  36.1847892,    -2.54,   158.00,   788.00
-75.7506170,  36.1848229,    -2.72,   170.00,   788.00
-75.7504902,  36.1848565,    -2.81,   182.00,   788.00
-75.7503634,  36.1848902,    -2.77,   194.00,   788.00
-75.7502367,  36.1849239,    -2.69,   206.00,   788.00
-75.7501099,  36.1849576,    -2.51,   218.00,   788.00
-75.7499831,  36.1849912,    -2.33,   230.00,   788.00
-75.7498564,  36.1850249,    -2.40,   242.00,   788.00
-75.7497296,  36.1850586,    -2.61,   254.00,   788.00
-75.7496028,  36.1850922,    -2.79,   266.00,   788.00
-75.7494761,  36.1851259,    -2.94,   278.00,   788.00
-75.7493493,  36.1851596,    -3.13,   290.00,   788.00
-75.7492225,  36.1851932,    -3.36,   302.00,   788.00
-75.7490958,  36.1852269,    -3.57,   314.00,   788.00
-75.7489690,  36.1852606,    -3.73,   326.00,   788.00
-75.7488422,  36.1852942,    -3.87,   338.00,   788.00
-75.7487154,  36.1853279,    -4.00,   350.00,   788.00
-75.7485887,  36.1853616,    -4.11,   362.00,   788.00
-75.7484619,  36.1853952,    -4.20,   374.00,   788.00
-75.7483351,  36.1854289,    -4.25,   386.00,   788.00
-75.7482084,  36.1854626,    -4.28,   398.00,   788.00
-75.7480816,  36.1854962,    -4.31,   410.00,   788.00
-75.7479548,  36.1855299,    -4.34,   422.00,   788.00
-75.7478281,  36.1855636,    -4.37,   434.00,   788.00
-75.7477013,  36.1855972,    -4.40,   446.00,   788.00
-75.7475745,  36.1856309,    -4.43,   458.00,   788.00
-75.7474478,  36.1856646,    -4.47,   470.00,   788.00
-75.7473210,  36.1856983,    -4.51,   482.00,   788.00
-75.7471942,  36.1857319,    -4.55,   494.00,   788.00
-75.7470674,  36.1857656,    -4.60,   506.00,   788.00
-75.7469407,  36.1857993,    -4.67,   518.00,   788.00
-75.7468139,  36.1858329,    -4.72,   530.00,   788.00
-75.7466871,  36.1858666,    -4.78,   542.00,   788.00
-75.7465604,  36.1859003,    -4.84,   554.00,   788.00
-75.7464336,  36.1859339,    -4.87,   566.00,   788.00
-75.7463068,  36.1859676,    -4.96,   578.00,   788.00
-75.7461801,  36.1860013,    -5.02,   590.00,   788.00
-75.7460533,  36.1860349,    -5.10,   602.00,   788.00
-75.7459265,  36.1860686,    -5.17,   614.00,   788.00
-75.7457998,  36.1861023,    -5.24,   626.00,   788.00
-75.7456730,  36.1861359,    -5.38,   638.00,   788.00
-75.7455462,  36.1861696,    -5.45,   650.00,   788.00
-75.7454194,  36.1862033,    -5.50,   662.00,   788.00
-75.7452927,  36.1862369,    -5.55,   674.00,   788.00
-75.7451659,  36.1862706,    -5.61,   686.00,   788.00
-75.7450391,  36.1863043,    -5.68,   698.00,   788.00
-75.7449124,  36.1863379,    -5.71,   710.00,   788.00
-75.7447856,  36.1863716,    -5.74,   722.00,   788.00
-75.7446588,  36.1864053,    -5.78,   734.00,   788.00
-75.7445321,  36.1864389,    -5.75,   746.00,   788.00
-75.7517142,  36.1847591,     2.87,    74.00,   812.00
-75.7515874,  36.1847927,     2.19,    86.00,   812.00
-75.7514607,  36.1848264,     1.36,    98.00,   812.00
-75.7513339,  36.1848601,     0.36,   110.00,   812.00
-75.7512071,  36.1848937,    -0.74,   122.00,   812.00
-75.7510804,  36.1849274,    -1.54,   134.00,   812.00
-75.7509536,  36.1849611,    -2.06,   146.00,   812.00
-75.7508268,  36.1849948,    -2.34,   158.00,   812.00
-75.7507000,  36.1850284,    -2.47,   170.00,   812.00
-75.7505733,  36.1850621,    -2.53,   182.00,   812.00
-75.7504465,  36.1850958,    -2.46,   194.00,   812.00
-75.7503197,  36.1851294,    -2.45,   206.00,   812.00
-75.7501930,  36.1851631,    -2.40,   218.00,   812.00
-75.7500662,  36.1851968,    -2.42,   230.00,   812.00
-75.7499394,  36.1852304,    -2.46,   242.00,   812.00
-75.7498127,  36.1852641,    -2.63,   254.00,   812.00
-75.7496859,  36.1852978,    -2.81,   266.00,   812.00
-75.7495591,  36.1853314,    -2.97,   278.00,   812.00
-75.7494324,  36.1853651,    -3.20,   290.00,   812.00
-75.7493056,  36.1853988,    -3.42,   302.00,   812.00
-75.7491788,  36.1854324,    -3.63,   314.00,   812.00
-75.7490520,  36.1854661,    -3.77,   326.00,   812.00
-75.7489253,  36.1854998,    -3.91,   338.00,   812.00
-75.7487985,  36.1855334,    -4.04,   350.00,   812.00
-75.7486717,  36.1855671,    -4.15,   362.00,   812.00
-75.7485450,  36.1856008,    -4.26,   374.00,   812.00
-75.7484182,  36.1856344,    -4.30,   386.00,   812.00
-75.7482914,  36.1856681,    -4.33,   398.00,   812.00
-75.7481647,  36.1857018,    -4.36,   410.00,   812.00
-75.7480379,  36.1857355,    -4.39,   422.00,   812.00
-75.7479111,  36.1857691,    -4.42,   434.00,   812.00
-75.7477844,  36.1858028,    -4.44,   446.00,   812.00
-75.7476576,  36.1858365,    -4.48,   458.00,   812.00
-75.7475308,  36.1858701,    -4.51,   470.00,   812.00
-75.7474040,  36.1859038,    -4.55,   482.00,   812.00
-75.7472773,  36.1859375,    -4.59,   494.00,   812.00
-75.7471505,  36.1859711,    -4.65,   506.00,   812.00
-75.7470237,  36.1860048,    -4.72,   518.00,   812.00
-75.7468970,  36.1860385,    -4.77,   530.00,   812.00
-75.7467702,  36.1860721,    -4.80,   542.00,   812.00
-75.7466434,  36.1861058,    -4.86,   554.00,   812.00
-75.7465167,  36.1861395,    -4.92,   566.00,   812.00
-75.7463899,  36.1861731,    -5.01,   578.00,   812.00
-75.7462631,  36.1862068,    -5.07,   590.00,   812.00
-75.7461364,  36.1862405,    -5.16,   602.00,   812.00
-75.7460096,  36.1862741,    -5.22,   614.00,   812.00
-75.7458828,  36.1863078,    -5.30,   626.00,   812.00
-75.7457560,  36.1863415,    -5.47,   638.00,   812.00
-75.7456293,  36.1863751,    -5.52,   650.00,   812.00
-75.7455025,  36.1864088,    -5.57,   662.00,   812.00
-75.7453757,  36.1864425,    -5.62,   674.00,   812.00
-75.7452490,  36.1864761,    -5.69,   686.00,   812.00
-75.7451222,  36.1865098,    -5.75,   698.00,   812.00
-75.7449954,  36.1865435,    -5.79,   710.00,   812.00
-75.7448687,  36.1865772,    -5.82,   722.00,   812.00
-75.7447419,  36.1866108,    -5.85,   734.00,   812.00
-75.7446151,  36.1866445,    -5.82,   746.00,   812.00
-75.7517973,  36.1849646,     2.93,    74.00,   836.00
-75.7516705,  36.1849983,     2.29,    86.00,   836.00
-75.7515437,  36.1850320,     1.49,    98.00,   836.00
-75.7514170,  36.1850656,     0.51,   110.00,   836.00
-75.7512902,  36.1850993,    -0.56,   122.00,   836.00
-75.7511634,  36.1851330,    -1.41,   134.00,   836.00
-75.7510366,  36.1851666,    -1.97,   146.00,   836.00
-75.7509099,  36.1852003,    -2.23,   158.00,   836.00
-75.7507831,  36.1852340,    -2.20,   170.00,   836.00
-75.7506563,  36.1852676,    -2.21,   182.00,   836.00
-75.7505296,  36.1853013,    -2.14,   194.00,   836.00
-75.7504028,  36.1853350,    -2.22,   206.00,   836.00
-75.7502760,  36.1853686,    -2.29,   218.00,   836.00
-75.7501493,  36.1854023,    -2.39,   230.00,   836.00
-75.7500225,  36.1854360,    -2.50,   242.00,   836.00
-75.7498957,  36.1854696,    -2.66,   254.00,   836.00
-75.7497690,  36.1855033,    -2.84,   266.00,   836.00
-75.7496422,  36.1855370,    -3.02,   278.00,   836.00
-75.7495154,  36.1855706,    -3.24,   290.00,   836.00
-75.7493886,  36.1856043,    -3.47,   302.00,   836.00
-75.7492619,  36.1856380,    -3.66,   314.00,   836.00
-75.7491351,  36.1856716,    -3.82,   326.00,   836.00
-75.7490083,  36.1857053,    -3.97,   338.00,   836.00
-75.7488816,  36.1857390,    -4.10,   350.00,   836.00
-75.7487548,  36.1857727,    -4.23,   362.00,   836.00
-75.7486280,  36.1858063,    -4.33,   374.00,   836.00
-75.7485013,  36.1858400,    -4.37,   386.00,   836.00
-75.7483745,  36.1858737,    -4.40,   398.00,   836.00
-75.7482477,  36.1859073,    -4.42,   410.00,   836.00
-75.7481210,  36.1859410,    -4.44,   422.00,   836.00
-75.7479942,  36.1859747,    -4.47,   434.00,   836.00
-75.7478674,  36.1860083,    -4.49,   446.00,   836.00
-75.7477406,  36.1860420,    -4.52,   458.00,   836.00
-75.7476139,  36.1860757,    -4.56,   470.00,   836.00
-75.7474871,  36.1861093,    -4.60,   482.00,   836.00
-75.7473603,  36.1861430,    -4.64,   494.00,   836.00
-75.7472336,  36.1861767,    -4.68,   506.00,   836.00
-75.7471068,  36.1862103,    -4.74,   518.00,   836.00
-75.7469800,  36.1862440,    -4.78,   530.00,   836.00
-75.7468533,  36.1862777,    -4.85,   542.00,   836.00
-75.7467265,  36.1863113,    -4.91,   554.00,   836.00
-75.7465997,  36.1863450,    -4.97,   566.00,   836.00
-75.7464729,  36.1863787,    -5.07,   578.00,   836.00
-75.7463462,  36.1864123,    -5.13,   590.00,   836.00
-75.7462194,  36.1864460,    -5.21,   602.00,   836.00
-75.7460926,  36.1864797,    -5.28,   614.00,   836.00
-75.7459659,  36.1865133,    -5.39,   626.00,   836.00
-75.7458391,  36.1865470,    -5.54,   638.00,   836.00
-75.7457123,  36.1865807,    -5.59,   650.00,   836.00
-75.7455856,  36.1866144,    -5.63,   662.00,   836.00
-75.7454588,  36.1866480,    -5.70,   674.00,   836.00
-75.7453320,  36.1866817,    -5.76,   686.00,   836.00
-75.7452053,  36.1867154,    -5.83,   698.00,   836.00
-75.7450785,  36.1867490,    -5.86,   710.00,   836.00
-75.7449517,  36.1867827,    -5.89,   722.00,   836.00
-75.7448249,  36.1868164,    -5.93,   734.00,   836.00
-75.7446982,  36.1868500,    -5.90,   746.00,   836.00
-75.7518803,  36.1851702,     3.09,    74.00,   860.00
-75.7517536,  36.1852038,     2.51,    86.00,   860.00
-75.7516268,  36.1852375,     1.74,    98.00,   860.00
-75.7515000,  36.1852712,     0.67,   110.00,   860.00
-75.7513732,  36.1853048,    -0.38,   122.00,   860.00
-75.7512465,  36.1853385,    -1.44,   134.00,   860.00
-75.7511197,  36.1853722,    -2.29,   146.00,   860.00
-75.7509929,  36.1854058,    -2.43,   158.00,   860.00
-75.7508662,  36.1854395,    -1.90,   170.00,   860.00
-75.7507394,  36.1854732,    -1.72,   182.00,   860.00
-75.7506126,  36.1855068,    -1.81,   194.00,   860.00
-75.7504859,  36.1855405,    -2.02,   206.00,   860.00
-75.7503591,  36.1855742,    -2.17,   218.00,   860.00
-75.7502323,  36.1856078,    -2.32,   230.00,   860.00
-75.7501056,  36.1856415,    -2.50,   242.00,   860.00
-75.7499788,  36.1856752,    -2.70,   254.00,   860.00
-75.7498520,  36.1857088,    -2.86,   266.00,   860.00
-75.7497252,  36.1857425,    -3.04,   278.00,   860.00
-75.7495985,  36.1857762,    -3.25,   290.00,   860.00
-75.7494717,  36.1858099,    -3.46,   302.00,   860.00
-75.7493449,  36.1858435,    -3.66,   314.00,   860.00
-75.7492182,  36.1858772,    -3.85,   326.00,   860.00
-75.7490914,  36.1859109,    -4.03,   338.00,   860.00
-75.7489646,  36.1859445,    -4.20,   350.00,   860.00
-75.7488379,  36.1859782,    -4.32,   362.00,   860.00
-75.7487111,  36.1860119,    -4.41,   374.00,   860.00
-75.7485843,  36.1860455,    -4.47,   386.00,   860.00
-75.7484576,  36.1860792,    -4.50,   398.00,   860.00
-75.7483308,  36.1861129,    -4.50,   410.00,   860.00
-75.7482040,  36.1861465,    -4.52,   422.00,   860.00
-75.7480772,  36.1861802,    -4.56,   434.00,   860.00
-75.7479505,  36.1862139,    -4.57,   446.00,   860.00
-75.7478237,  36.1862475,    -4.60,   458.00,   860.00
-75.7476969,  36.1862812,    -4.65,   470.00,   860.00
-75.7475702,  36.1863149,    -4.68,   482.00,   860.00
-75.7474434,  36.1863485,    -4.72,   494.00,   860.00
-75.7473166,  36.1863822,    -4.77,   506.00,   860.00
-75.7471899,  36.1864159,    -4.83,   518.00,   860.00
-75.7470631,  36.1864495,    -4.83,   530.00,   860.00
-75.7469363,  36.1864832,    -4.90,   542.00,   860.00
-75.7468095,  36.1865169,    -4.96,   554.00,   860.00
-75.7466828,  36.1865505,    -5.02,   566.00,   860.00
-75.7465560,  36.1865842,    -5.12,   578.00,   860.00
-75.7464292,  36.1866179,    -5.19,   590.00,   860.00
-75.7463025,  36.1866516,    -5.27,   602.00,   860.00
-75.7461757,  36.1866852,    -5.39,   614.00,   860.00
-75.7460489,  36.1867189,    -5.46,   626.00,   860.00
-75.7459222,  36.1867526,    -5.61,   638.00,   860.00
-75.7457954,  36.1867862,    -5.67,   650.00,   860.00
-75.7456686,  36.1868199,    -5.71,   662.00,   860.00
-75.7455419,  36.1868536,    -5.78,   674.00,   860.00
-75.7454151,  36.1868872,    -5.84,   686.00,   860.00
-75.7452883,  36.1869209,    -5.91,   698.00,   860.00
-75.7451615,  36.1869546,    -5.95,   710.00,   860.00
-75.7450348,  36.1869882,    -5.98,   722.00,   860.00
-75.7449080,  36.1870219,    -6.01,   734.00,   860.00
-75.7447812,  36.1870556,    -5.98,   746.00,   860.00
-75.7519634,  36.1853757,     3.04,    74.00,   884.00
-75.7518366,  36.1854094,     2.54,    86.00,   884.00
-75.7517098,  36.1854430,     1.83,    98.00,   884.00
-75.7515831,  36.1854767,     0.81,   110.00,   884.00
-75.7514563,  36.1855104,    -0.26,   122.00,   884.00
-75.7513295,  36.1855440,    -1.31,   134.00,   884.00
-75.7512028,  36.1855777,    -2.15,   146.00,   884.00
-75.7510760,  36.1856114,    -2.52,   158.00,   884.00
-75.7509492,  36.1856450,    -2.25,   170.00,   884.00
-75.7508225,  36.1856787,    -1.76,   182.00,   884.00
-75.7506957,  36.1857124,    -1.77,   194.00,   884.00
-75.7505689,  36.1857460,    -1.86,   206.00,   884.00
-75.7504422,  36.1857797,    -2.04,   218.00,   884.00
-75.7503154,  36.1858134,    -2.25,   230.00,   884.00
-75.7501886,  36.1858471,    -2.46,   242.00,   884.00
-75.7500618,  36.1858807,    -2.65,   254.00,   884.00
-75.7499351,  36.1859144,    -2.84,   266.00,   884.00
-75.7498083,  36.1859481,    -3.03,   278.00,   884.00
-75.7496815,  36.1859817,    -3.23,   290.00,   884.00
-75.7495548,  36.1860154,    -3.45,   302.00,   884.00
-75.7494280,  36.1860491,    -3.67,   314.00,   884.00
-75.7493012,  36.1860827,    -3.85,   326.00,   884.00
-75.7491745,  36.1861164,    -4.02,   338.00,   884.00
-75.7490477,  36.1861501,    -4.19,   350.00,   884.00
-75.7489209,  36.1861837,    -4.33,   362.00,   884.00
-75.7487941,  36.1862174,    -4.41,   374.00,   884.00
-75.7486674,  36.1862511,    -4.46,   386.00,   884.00
-75.7485406,  36.1862847,    -4.50,   398.00,   884.00
-75.7484138,  36.1863184,    -4.53,   410.00,   884.00
-75.7482871,  36.1863521,    -4.56,   422.00,   884.00
-75.7481603,  36.1863857,    -4.59,   434.00,   884.00
-75.7480335,  36.1864194,    -4.63,   446.00,   884.00
-75.7479068,  36.1864531,    -4.66,   458.00,   884.00
-75.7477800,  36.1864867,    -4.70,   470.00,   884.00
-75.7476532,  36.1865204,    -4.74,   482.00,   884.00
-75.7475265,  36.1865541,    -4.78,   494.00,   884.00
-75.7473997,  36.1865877,    -4.84,   506.00,   884.00
-75.7472729,  36.1866214,    -4.91,   518.00,   884.00
-75.7471461,  36.1866551,    -4.97,   530.00,   884.00
-75.7470194,  36.1866888,    -5.04,   542.00,   884.00
-75.7468926,  36.1867224,    -5.11,   554.00,   884.00
-75.7467658,  36.1867561,    -5.18,   566.00,   884.00
-75.7466391,  36.1867898,    -5.27,   578.00,   884.00
-75.7465123,  36.1868234,    -5.34,   590.00,   884.00
-75.7463855,  36.1868571,    -5.47,   602.00,   884.00
-75.7462588,  36.1868908,    -5.55,   614.00,   884.00
-75.7461320,  36.1869244,    -5.63,   626.00,   884.00
-75.7460052,  36.1869581,    -5.72,   638.00,   884.00
-75.7458785,  36.1869918,    -5.83,   650.00,   884.00
-75.7457517,  36.1870254,    -5.87,   662.00,   884.00
-75.7456249,  36.1870591,    -5.94,   674.00,   884.00
-75.7454981,  36.1870928,    -6.01,   686.00,   884.00
-75.7453714,  36.1871264,    -6.08,   698.00,   884.00
-75.7452446,  36.1871601,    -6.12,   710.00,   884.00
-75.7451178,  36.1871938,    -6.15,   722.00,   884.00
-75.7449911,  36.1872274,    -6.11,   734.00,   884.00
-75.7448643,  36.1872611,    -6.07,   746.00,   884.00
-75.7520464,  36.1855812,     2.98,    74.00,   908.00
-75.7519197,  36.1856149,     2.55,    86.00,   908.00
-75.7517929,  36.1856486,     1.99,    98.00,   908.00
-75.7516661,  36.1856822,     1.00,   110.00,   908.00
-75.7515394,  36.1857159,     0.06,   122.00,   908.00
-75.7514126,  36.1857496,    -0.99,   134.00,   908.00
-75.7512858,  36.1857832,    -1.81,   146.00,   908.00
-75.7511591,  36.1858169,    -2.24,   158.00,   908.00
-75.7510323,  36.1858506,    -2.20,   170.00,   908.00
-75.7509055,  36.1858843,    -2.09,   182.00,   908.00
-75.7507787,  36.1859179,    -1.86,   194.00,   908.00
-75.7506520,  36.1859516,    -1.81,   206.00,   908.00
-75.7505252,  36.1859853,    -1.98,   218.00,   908.00
-75.7503984,  36.1860189,    -2.19,   230.00,   908.00
-75.7502717,  36.1860526,    -2.40,   242.00,   908.00
-75.7501449,  36.1860863,    -2.60,   254.00,   908.00
-75.7500181,  36.1861199,    -2.80,   266.00,   908.00
-75.7498914,  36.1861536,    -3.01,   278.00,   908.00
-75.7497646,  36.1861873,    -3.23,   290.00,   908.00
-75.7496378,  36.1862209,    -3.47,   302.00,   908.00
-75.7495111,  36.1862546,    -3.68,   314.00,   908.00
-75.7493843,  36.1862883,    -3.87,   326.00,   908.00
-75.7492575,  36.1863219,    -4.03,   338.00,   908.00
-75.7491307,  36.1863556,    -4.19,   350.00,   908.00
-75.7490040,  36.1863893,    -4.33,   362.00,   908.00
-75.7488772,  36.1864229,    -4.42,   374.00,   908.00
-75.7487504,  36.1864566,    -4.47,   386.00,   908.00
-75.7486237,  36.1864903,    -4.51,   398.00,   908.00
-75.7484969,  36.1865239,    -4.55,   410.00,   908.00
-75.7483701,  36.1865576,    -4.59,   422.00,   908.00
-75.7482434,  36.1865913,    -4.62,   434.00,   908.00
-75.7481166,  36.1866249,    -4.66,   446.00,   908.00
-75.7479898,  36.1866586,    -4.69,   458.00,   908.00
-75.7478631,  36.1866923,    -4.73,   470.00,   908.00
-75.7477363,  36.1867260,    -4.77,   482.00,   908.00
-75.7476095,  36.1867596,    -4.82,   494.00,   908.00
-75.7474827,  36.1867933,    -4.88,   506.00,   908.00
-75.7473560,  36.1868270,    -4.95,   518.00,   908.00
-75.7472292,  36.1868606,    -5.01,   530.00,   908.00
-75.7471024,  36.1868943,    -5.09,   542.00,   908.00
-75.7469757,  36.1869280,    -5.16,   554.00,   908.00
-75.7468489,  36.1869616,    -5.22,   566.00,   908.00
-75.7467221,  36.1869953,    -5.36,   578.00,   908.00
-75.7465954,  36.1870290,    -5.43,   590.00,   908.00
-75.7464686,  36.1870626,    -5.53,   602.00,   908.00
-75.7463418,  36.1870963,    -5.61,   614.00,   908.00
-75.7462151,  36.1871300,    -5.69,   626.00,   908.00
-75.7460883,  36.1871636,    -5.79,   638.00,   908.00
-75.7459615,  36.1871973,    -5.90,   650.00,   908.00
-75.7458347,  36.1872310,    -5.95,   662.00,   908.00
-75.7457080,  36.1872646,    -6.01,   674.00,   908.00
-75.7455812,  36.1872983,    -6.09,   686.00,   908.00
-75.7454544,  36.1873320,    -6.15,   698.00,   908.00
-75.7453277,  36.1873656,    -6.20,   710.00,   908.00
-75.7452009,  36.1873993,    -6.23,   722.00,   908.00
-75.7450741,  36.1874330,    -6.27,   734.00,   908.00
-75.7449474,  36.1874667,    -6.23,   746.00,   908.00
-75.7521295,  36.1857868,     3.01,    74.00,   932.00
-75.7520027,  36.1858204,     2.65,    86.00,   932.00
-75.7518760,  36.1858541,     2.18,    98.00,   932.00
-75.7517492,  36.1858878,     1.29,   110.00,   932.00
-75.7516224,  36.1859215,     0.44,   122.00,   932.00
-75.7514957,  36.1859551,    -0.67,   134.00,   932.00
-75.7513689,  36.1859888,    -1.57,   146.00,   932.00
-75.7512421,  36.1860225,    -2.11,   158.00,   932.00
-75.7511153,  36.1860561,    -2.18,   170.00,   932.00
-75.7509886,  36.1860898,    -2.08,   182.00,   932.00
-75.7508618,  36.1861235,    -1.82,   194.00,   932.00
-75.7507350,  36.1861571,    -1.78,   206.00,   932.00
-75.7506083,  36.1861908,    -1.92,   218.00,   932.00
-75.7504815,  36.1862245,    -2.14,   230.00,   932.00
-75.7503547,  36.1862581,    -2.34,   242.00,   932.00
-75.7502280,  36.1862918,    -2.55,   254.00,   932.00
-75.7501012,  36.1863255,    -2.76,   266.00,   932.00
-75.7499744,  36.1863591,    -2.99,   278.00,   932.00
-75.7498477,  36.1863928,    -3.23,   290.00,   932.00
-75.7497209,  36.1864265,    -3.48,   302.00,   932.00
-75.7495941,  36.1864601,    -3.71,   314.00,   932.00
-75.7494673,  36.1864938,    -3.89,   326.00,   932.00
-75.7493406,  36.1865275,    -4.06,   338.00,   932.00
-75.7492138,  36.1865611,    -4.21,   350.00,   932.00
-75.7490870,  36.1865948,    -4.34,   362.00,   932.00
-75.7489603,  36.1866285,    -4.43,   374.00,   932.00
-75.7488335,  36.1866621,    -4.49,   386.00,   932.00
-75.7487067,  36.1866958,    -4.54,   398.00,   932.00
-75.7485800,  36.1867295,    -4.58,   410.00,   932.00
-75.7484532,  36.1867632,    -4.63,   422.00,   932.00
-75.7483264,  36.1867968,    -4.66,   434.00,   932.00
-75.7481997,  36.1868305,    -4.69,   446.00,   932.00
-75.7480729,  36.1868642,    -4.72,   458.00,   932.00
-75.7479461,  36.1868978,    -4.76,   470.00,   932.00
-75.7478193,  36.1869315,    -4.81,   482.00,   932.00
-75.7476926,  36.1869652,    -4.86,   494.00,   932.00
-75.7475658,  36.1869988,    -4.92,   506.00,   932.00
-75.7474390,  36.1870325,    -5.00,   518.00,   932.00
-75.7473123,  36.1870662,    -5.06,   530.00,   932.00
-75.7471855,  36.1870998,    -5.14,   542.00,   932.00
-75.7470587,  36.1871335,    -5.21,   554.00,   932.00
-75.7469320,  36.1871672,    -5.31,   566.00,   932.00
-75.7468052,  36.1872008,    -5.42,   578.00,   932.00
-75.7466784,  36.1872345,    -5.49,   590.00,   932.00
-75.7465517,  36.1872682,    -5.59,   602.00,   932.00
-75.7464249,  36.1873018,    -5.68,   614.00,   932.00
-75.7462981,  36.1873355,    -5.76,   626.00,   932.00
-75.7461713,  36.1873692,    -5.86,   638.00,   932.00
-75.7460446,  36.1874028,    -5.97,   650.00,   932.00
-75.7459178,  36.1874365,    -6.02,   662.00,   932.00
-75.7457910,  36.1874702,    -6.09,   674.00,   932.00
-75.7456643,  36.1875039,    -6.16,   686.00,   932.00
-75.7455375,  36.1875375,    -6.23,   698.00,   932.00
-75.7454107,  36.1875712,    -6.28,   710.00,   932.00
-75.7452840,  36.1876049,    -6.31,   722.00,   932.00
-75.7451572,  36.1876385,    -6.35,   734.00,   932.00
-75.7450304,  36.1876722,    -6.31,   746.00,   932.00
-75.7522126,  36.1859923,     3.19,    74.00,   956.00
-75.7520858,  36.1860260,     2.85,    86.00,   956.00
-75.7519590,  36.1860597,     2.24,    98.00,   956.00
-75.7518323,  36.1860933,     1.87,   110.00,   956.00
-75.7517055,  36.1861270,     0.77,   122.00,   956.00
-75.7515787,  36.1861607,    -0.36,   134.00,   956.00
-75.7514519,  36.1861943,    -1.56,   146.00,   956.00
-75.7513252,  36.1862280,    -2.15,   158.00,   956.00
-75.7511984,  36.1862617,    -2.52,   170.00,   956.00
-75.7510716,  36.1862953,    -1.87,   182.00,   956.00
-75.7509449,  36.1863290,    -1.62,   194.00,   956.00
-75.7508181,  36.1863627,    -1.78,   206.00,   956.00
-75.7506913,  36.1863963,    -1.92,   218.00,   956.00
-75.7505646,  36.1864300,    -2.08,   230.00,   956.00
-75.7504378,  36.1864637,    -2.31,   242.00,   956.00
-75.7503110,  36.1864973,    -2.51,   254.00,   956.00
-75.7501843,  36.1865310,    -2.70,   266.00,   956.00
-75.7500575,  36.1865647,    -2.97,   278.00,   956.00
-75.7499307,  36.1865983,    -3.25,   290.00,   956.00
-75.7498039,  36.1866320,    -3.51,   302.00,   956.00
-75.7496772,  36.1866657,    -3.74,   314.00,   956.00
-75.7495504,  36.1866993,    -3.94,   326.00,   956.00
-75.7494236,  36.1867330,    -4.10,   338.00,   956.00
-75.7492969,  36.1867667,    -4.25,   350.00,   956.00
-75.7491701,  36.1868004,    -4.36,   362.00,   956.00
-75.7490433,  36.1868340,    -4.44,   374.00,   956.00
-75.7489166,  36.1868677,    -4.51,   386.00,   956.00
-75.7487898,  36.1869014,    -4.57,   398.00,   956.00
-75.7486630,  36.1869350,    -4.61,   410.00,   956.00
-75.7485363,  36.1869687,    -4.65,   422.00,   956.00
-75.7484095,  36.1870024,    -4.70,   434.00,   956.00
-75.7482827,  36.1870360,    -4.73,   446.00,   956.00
-75.7481559,  36.1870697,    -4.76,   458.00,   956.00
-75.7480292,  36.1871034,    -4.80,   470.00,   956.00
-75.7479024,  36.1871370,    -4.85,   482.00,   956.00
-75.7477756,  36.1871707,    -4.90,   494.00,   956.00
-75.7476489,  36.1872044,    -4.97,   506.00,   956.00
-75.7475221,  36.1872380,    -5.05,   518.00,   956.00
-75.7473953,  36.1872717,    -5.11,   530.00,   956.00
-75.7472686,  36.1873054,    -5.21,   542.00,   956.00
-75.7471418,  36.1873390,    -5.29,   554.00,   956.00
-75.7470150,  36.1873727,    -5.37,   566.00,   956.00
-75.7468883,  36.1874064,    -5.48,   578.00,   956.00
-75.7467615,  36.1874400,    -5.56,   590.00,   956.00
-75.7466347,  36.1874737,    -5.66,   602.00,   956.00
-75.7465079,  36.1875074,    -5.75,   614.00,   956.00
-75.7463812,  36.1875411,    -5.83,   626.00,   956.00
-75.7462544,  36.1875747,    -5.94,   638.00,   956.00
-75.7461276,  36.1876084,    -6.05,   650.00,   956.00
-75.7460009,  36.1876421,    -6.11,   662.00,   956.00
-75.7458741,  36.1876757,    -6.17,   674.00,   956.00
-75.7457473,  36.1877094,    -6.25,   686.00,   956.00
-75.7456206,  36.1877431,    -6.32,   698.00,   956.00
-75.7454938,  36.1877767,    -6.36,   710.00,   956.00
-75.7453670,  36.1878104,    -6.40,   722.00,   956.00
-75.7452403,  36.1878441,    -6.44,   734.00,   956.00
-75.7451135,  36.1878777,    -6.39,   746.00,   956.00
-75.7522956,  36.1861979,     3.10,    74.00,   980.00
-75.7521689,  36.1862315,     2.85,    86.00,   980.00
-75.7520421,  36.1862652,     2.46,    98.00,   980.00
-75.7519153,  36.1862989,     1.72,   110.00,   980.00
-75.7517885,  36.1863325,     0.93,   122.00,   980.00
-75.7516618,  36.1863662,    -0.34,   134.00,   980.00
-75.7515350,  36.1863999,    -1.42,   146.00,   980.00
-75.7514082,  36.1864335,    -2.10,   158.00,   980.00
-75.7512815,  36.1864672,    -2.28,   170.00,   980.00
-75.7511547,  36.1865009,    -2.19,   182.00,   980.00
-75.7510279,  36.1865345,    -2.07,   194.00,   980.00
-75.7509012,  36.1865682,    -1.95,   206.00,   980.00
-75.7507744,  36.1866019,    -2.08,   218.00,   980.00
-75.7506476,  36.1866355,    -2.20,   230.00,   980.00
-75.7505209,  36.1866692,    -2.29,   242.00,   980.00
-75.7503941,  36.1867029,    -2.49,   254.00,   980.00
-75.7502673,  36.1867365,    -2.71,   266.00,   980.00
-75.7501405,  36.1867702,    -2.93,   278.00,   980.00
-75.7500138,  36.1868039,    -3.21,   290.00,   980.00
-75.7498870,  36.1868376,    -3.48,   302.00,   980.00
-75.7497602,  36.1868712,    -3.71,   314.00,   980.00
-75.7496335,  36.1869049,    -3.91,   326.00,   980.00
-75.7495067,  36.1869386,    -4.08,   338.00,   980.00
-75.7493799,  36.1869722,    -4.22,   350.00,   980.00
-75.7492532,  36.1870059,    -4.33,   362.00,   980.00
-75.7491264,  36.1870396,    -4.42,   374.00,   980.00
-75.7489996,  36.1870732,    -4.49,   386.00,   980.00
-75.7488729,  36.1871069,    -4.55,   398.00,   980.00
-75.7487461,  36.1871406,    -4.60,   410.00,   980.00
-75.7486193,  36.1871742,    -4.65,   422.00,   980.00
-75.7484925,  36.1872079,    -4.69,   434.00,   980.00
-75.7483658,  36.1872416,    -4.73,   446.00,   980.00
-75.7482390,  36.1872752,    -4.78,   458.00,   980.00
-75.7481122,  36.1873089,    -4.83,   470.00,   980.00
-75.7479855,  36.1873426,    -4.89,   482.00,   980.00
-75.7478587,  36.1873762,    -4.95,   494.00,   980.00
-75.7477319,  36.1874099,    -5.02,   506.00,   980.00
-75.7476052,  36.1874436,    -5.10,   518.00,   980.00
-75.7474784,  36.1874772,    -5.18,   530.00,   980.00
-75.7473516,  36.1875109,    -5.27,   542.00,   980.00
-75.7472249,  36.1875446,    -5.35,   554.00,   980.00
-75.7470981,  36.1875783,    -5.43,   566.00,   980.00
-75.7469713,  36.1876119,    -5.54,   578.00,   980.00
-75.7468445,  36.1876456,    -5.63,   590.00,   980.00
-75.7467178,  36.1876793,    -5.73,   602.00,   980.00
-75.7465910,  36.1877129,    -5.82,   614.00,   980.00
-75.7464642,  36.1877466,    -5.91,   626.00,   980.00
-75.7463375,  36.1877803,    -6.02,   638.00,   980.00
-75.7462107,  36.1878139,    -6.13,   650.00,   980.00
-75.7460839,  36.1878476,    -6.20,   662.00,   980.00
-75.7459572,  36.1878813,    -6.27,   674.00,   980.00
-75.7458304,  36.1879149,    -6.35,   686.00,   980.00
-75.7457036,  36.1879486,    -6.42,   698.00,   980.00
-75.7455769,  36.1879823,    -6.47,   710.00,   980.00
-75.7454501,  36.1880159,    -6.51,   722.00,   980.00
-75.7453233,  36.1880496,    -6.56,   734.00,   980.00
-75.7451965,  36.1880833,    -6.56,   746.00,   980.00
-75.7523787,  36.1864034,     3.11,    74.00,  1004.00
-75.7522519,  36.1864371,     2.93,    86.00,  1004.00
-75.7521251,  36.1864707,     2.59,    98.00,  1004.00
-75.7519984,  36.1865044,     1.76,   110.00,  1004.00
-75.7518716,  36.1865381,     1.02,   122.00,  1004.00
-75.7517448,  36.1865717,    -0.32,   134.00,  1004.00
-75.7516181,  36.1866054,    -1.37,   146.00,  1004.00
-75.7514913,  36.1866391,    -2.07,   158.00,  1004.00
-75.7513645,  36.1866727,    -2.28,   170.00,  1004.00
-75.7512378,  36.1867064,    -2.34,   182.00,  1004.00
-75.7511110,  36.1867401,    -2.33,   194.00,  1004.00
-75.7509842,  36.1867737,    -2.15,   206.00,  1004.00
-75.7508575,  36.1868074,    -2.18,   218.00,  1004.00
-75.7507307,  36.1868411,    -2.23,   230.00,  1004.00
-75.7506039,  36.1868748,    -2.23,   242.00,  1004.00
-75.7504771,  36.1869084,    -2.43,   254.00,  1004.00
-75.7503504,  36.1869421,    -2.67,   266.00,  1004.00
-75.7502236,  36.1869758,    -2.87,   278.00,  1004.00
-75.7500968,  36.1870094,    -3.15,   290.00,  1004.00
-75.7499701,  36.1870431,    -3.43,   302.00,  1004.00
-75.7498433,  36.1870768,    -3.67,   314.00,  1004.00
-75.7497165,  36.1871104,    -3.89,   326.00,  1004.00
-75.7495898,  36.1871441,    -4.06,   338.00,  1004.00
-75.7494630,  36.1871778,    -4.18,   350.00,  1004.00
-75.7493362,  36.1872114,    -4.29,   362.00,  1004.00
-75.7492095,  36.1872451,    -4.39,   374.00,  1004.00
-75.7490827,  36.1872788,    -4.46,   386.00,  1004.00
-75.7489559,  36.1873124,    -4.52,   398.00,  1004.00
-75.7488291,  36.1873461,    -4.58,   410.00,  1004.00
-75.7487024,  36.1873798,    -4.63,   422.00,  1004.00
-75.7485756,  36.1874134,    -4.68,   434.00,  1004.00
-75.7484488,  36.1874471,    -4.73,   446.00,  1004.00
-75.7483221,  36.1874808,    -4.78,   458.00,  1004.00
-75.7481953,  36.1875144,    -4.84,   470.00,  1004.00
-75.7480685,  36.1875481,    -4.91,   482.00,  1004.00
-75.7479418,  36.1875818,    -4.97,   494.00,  1004.00
-75.7478150,  36.1876155,    -5.05,   506.00,  1004.00
-75.7476882,  36.1876491,    -5.14,   518.00,  1004.00
-75.7475615,  36.1876828,    -5.22,   530.00,  1004.00
-75.7474347,  36.1877165,    -5.31,   542.00,  1004.00
-75.7473079,  36.1877501,    -5.41,   554.00,  1004.00
-75.7471811,  36.1877838,    -5.50,   566.00,  1004.00
-75.7470544,  36.1878175,    -5.60,   578.00,  1004.00
-75.7469276,  36.1878511,    -5.70,   590.00,  1004.00
-75.7468008,  36.1878848,    -5.80,   602.00,  1004.00
-75.7466741,  36.1879185,    -5.90,   614.00,  1004.00
-75.7465473,  36.1879521,    -5.99,   626.00,  1004.00
-75.7464205,  36.1879858,    -6.09,   638.00,  1004.00
-75.7462938,  36.1880195,    -6.20,   650.00,  1004.00
-75.7461670,  36.1880531,    -6.28,   662.00,  1004.00
-75.7460402,  36.1880868,    -6.35,   674.00,  1004.00
-75.7459135,  36.1881205,    -6.44,   686.00,  1004.00
-75.7457867,  36.1881541,    -6.51,   698.00,  1004.00
-75.7456599,  36.1881878,    -6.56,   710.00,  1004.00
-75.7455331,  36.1882215,    -6.61,   722.00,  1004.00
-75.7454064,  36.1882551,    -6.65,   734.00,  1004.00
-75.7452796,  36.1882888,    -6.67,   746.00,  1004.00
-75.7524617,  36.1866089,     3.22,    74.00,  1028.00
-75.7523350,  36.1866426,     3.07,    86.00,  1028.00
-75.7522082,  36.1866763,     2.71,    98.00,  1028.00
-75.7520814,  36.1867099,     1.95,   110.00,  1028.00
-75.7519547,  36.1867436,     1.07,   122.00,  1028.00
-75.7518279,  36.1867773,    -0.28,   134.00,  1028.00
-75.7517011,  36.1868109,    -1.37,   146.00,  1028.00
-75.7515744,  36.1868446,    -2.07,   158.00,  1028.00
-75.7514476,  36.1868783,    -2.36,   170.00,  1028.00
-75.7513208,  36.1869120,    -2.46,   182.00,  1028.00
-75.7511941,  36.1869456,    -2.52,   194.00,  1028.00
-75.7510673,  36.1869793,    -2.40,   206.00,  1028.00
-75.7509405,  36.1870130,    -2.28,   218.00,  1028.00
-75.7508137,  36.1870466,    -2.19,   230.00,  1028.00
-75.7506870,  36.1870803,    -2.17,   242.00,  1028.00
-75.7505602,  36.1871140,    -2.37,   254.00,  1028.00
-75.7504334,  36.1871476,    -2.59,   266.00,  1028.00
-75.7503067,  36.1871813,    -2.80,   278.00,  1028.00
-75.7501799,  36.1872150,    -3.09,   290.00,  1028.00
-75.7500531,  36.1872486,    -3.39,   302.00,  1028.00
-75.7499264,  36.1872823,    -3.65,   314.00,  1028.00
-75.7497996,  36.1873160,    -3.86,   326.00,  1028.00
-75.7496728,  36.1873496,    -4.03,   338.00,  1028.00
-75.7495461,  36.1873833,    -4.16,   350.00,  1028.00
-75.7494193,  36.1874170,    -4.27,   362.00,  1028.00
-75.7492925,  36.1874506,    -4.37,   374.00,  1028.00
-75.7491657,  36.1874843,    -4.44,   386.00,  1028.00
-75.7490390,  36.1875180,    -4.50,   398.00,  1028.00
-75.7489122,  36.1875516,    -4.56,   410.00,  1028.00
-75.7487854,  36.1875853,    -4.62,   422.00,  1028.00
-75.7486587,  36.1876190,    -4.67,   434.00,  1028.00
-75.7485319,  36.1876527,    -4.73,   446.00,  1028.00
-75.7484051,  36.1876863,    -4.79,   458.00,  1028.00
-75.7482784,  36.1877200,    -4.85,   470.00,  1028.00
-75.7481516,  36.1877537,    -4.92,   482.00,  1028.00
-75.7480248,  36.1877873,    -5.00,   494.00,  1028.00
-75.7478981,  36.1878210,    -5.08,   506.00,  1028.00
-75.7477713,  36.1878547,    -5.17,   518.00,  1028.00
-75.7476445,  36.1878883,    -5.26,   530.00,  1028.00
-75.7475177,  36.1879220,    -5.36,   542.00,  1028.00
-75.7473910,  36.1879557,    -5.46,   554.00,  1028.00
-75.7472642,  36.1879893,    -5.56,   566.00,  1028.00
-75.7471374,  36.1880230,    -5.66,   578.00,  1028.00
-75.7470107,  36.1880567,    -5.76,   590.00,  1028.00
-75.7468839,  36.1880903,    -5.86,   602.00,  1028.00
-75.7467571,  36.1881240,    -5.96,   614.00,  1028.00
-75.7466304,  36.1881577,    -6.06,   626.00,  1028.00
-75.7465036,  36.1881913,    -6.16,   638.00,  1028.00
-75.7463768,  36.1882250,    -6.27,   650.00,  1028.00
-75.7462500,  36.1882587,    -6.36,   662.00,  1028.00
-75.7461233,  36.1882923,    -6.44,   674.00,  1028.00
-75.7459965,  36.1883260,    -6.53,   686.00,  1028.00
-75.7458697,  36.1883597,    -6.61,   698.00,  1028.00
-75.7457430,  36.1883934,    -6.66,   710.00,  1028.00
-75.7456162,  36.1884270,    -6.71,   722.00,  1028.00
-75.7454894,  36.1884607,    -6.74,   734.00,  1028.00
-75.7453627,  36.1884944,    -6.78,   746.00,  1028.00
-75.7525448,  36.1868145,     3.40,    74.00,  1052.00
-75.7524180,  36.1868481,     3.34,    86.00,  1052.00
-75.7522913,  36.1868818,     2.83,    98.00,  1052.00
-75.7521645,  36.1869155,     2.42,   110.00,  1052.00
-75.7520377,  36.1869492,     0.97,   122.00,  1052.00
-75.7519110,  36.1869828,    -0.15,   134.00,  1052.00
-75.7517842,  36.1870165,    -1.52,   146.00,  1052.00
-75.7516574,  36.1870502,    -2.23,   158.00,  1052.00
-75.7515307,  36.1870838,    -2.45,   170.00,  1052.00
-75.7514039,  36.1871175,    -2.57,   182.00,  1052.00
-75.7512771,  36.1871512,    -2.68,   194.00,  1052.00
-75.7511503,  36.1871848,    -2.73,   206.00,  1052.00
-75.7510236,  36.1872185,    -2.45,   218.00,  1052.00
-75.7508968,  36.1872522,    -1.84,   230.00,  1052.00
-75.7507700,  36.1872858,    -2.10,   242.00,  1052.00
-75.7506433,  36.1873195,    -2.33,   254.00,  1052.00
-75.7505165,  36.1873532,    -2.55,   266.00,  1052.00
-75.7503897,  36.1873868,    -2.70,   278.00,  1052.00
-75.7502630,  36.1874205,    -3.04,   290.00,  1052.00
-75.7501362,  36.1874542,    -3.37,   302.00,  1052.00
-75.7500094,  36.1874878,    -3.65,   314.00,  1052.00
-75.7498827,  36.1875215,    -3.85,   326.00,  1052.00
-75.7497559,  36.1875552,    -4.02,   338.00,  1052.00
-75.7496291,  36.1875888,    -4.16,   350.00,  1052.00
-75.7495023,  36.1876225,    -4.26,   362.00,  1052.00
-75.7493756,  36.1876562,    -4.36,   374.00,  1052.00
-75.7492488,  36.1876899,    -4.44,   386.00,  1052.00
-75.7491220,  36.1877235,    -4.49,   398.00,  1052.00
-75.7489953,  36.1877572,    -4.55,   410.00,  1052.00
-75.7488685,  36.1877909,    -4.60,   422.00,  1052.00
-75.7487417,  36.1878245,    -4.66,   434.00,  1052.00
-75.7486150,  36.1878582,    -4.73,   446.00,  1052.00
-75.7484882,  36.1878919,    -4.79,   458.00,  1052.00
-75.7483614,  36.1879255,    -4.85,   470.00,  1052.00
-75.7482347,  36.1879592,    -4.93,   482.00,  1052.00
-75.7481079,  36.1879929,    -5.01,   494.00,  1052.00
-75.7479811,  36.1880265,    -5.10,   506.00,  1052.00
-75.7478543,  36.1880602,    -5.20,   518.00,  1052.00
-75.7477276,  36.1880939,    -5.30,   530.00,  1052.00
-75.7476008,  36.1881275,    -5.40,   542.00,  1052.00
-75.7474740,  36.1881612,    -5.50,   554.00,  1052.00
-75.7473473,  36.1881949,    -5.60,   566.00,  1052.00
-75.7472205,  36.1882285,    -5.71,   578.00,  1052.00
-75.7470937,  36.1882622,    -5.81,   590.00,  1052.00
-75.7469670,  36.1882959,    -5.91,   602.00,  1052.00
-75.7468402,  36.1883295,    -6.00,   614.00,  1052.00
-75.7467134,  36.1883632,    -6.11,   626.00,  1052.00
-75.7465866,  36.1883969,    -6.21,   638.00,  1052.00
-75.7464599,  36.1884306,    -6.30,   650.00,  1052.00
-75.7463331,  36.1884642,    -6.40,   662.00,  1052.00
-75.7462063,  36.1884979,    -6.51,   674.00,  1052.00
-75.7460796,  36.1885316,    -6.60,   686.00,  1052.00
-75.7459528,  36.1885652,    -6.69,   698.00,  1052.00
-75.7458260,  36.1885989,    -6.75,   710.00,  1052.00
-75.7456993,  36.1886326,    -6.80,   722.00,  1052.00
-75.7455725,  36.1886662,    -6.84,   734.00,  1052.00
-75.7454457,  36.1886999,    -6.88,   746.00,  1052.00
-75.7526279,  36.1870200,     3.44,    74.00,  1076.00
-75.7525011,  36.1870537,     3.33,    86.00,  1076.00
-75.7523743,  36.1870874,     3.01,    98.00,  1076.00
-75.7522476,  36.1871210,     2.31,   110.00,  1076.00
-75.7521208,  36.1871547,     1.32,   122.00,  1076.00
-75.7519940,  36.1871884,    -0.06,   134.00,  1076.00
-75.7518673,  36.1872220,    -1.29,   146.00,  1076.00
-75.7517405,  36.1872557,    -2.03,   158.00,  1076.00
-75.7516137,  36.1872894,    -2.38,   170.00,  1076.00
-75.7514869,  36.1873230,    -2.57,   182.00,  1076.00
-75.7513602,  36.1873567,    -2.68,   194.00,  1076.00
-75.7512334,  36.1873904,    -2.63,   206.00,  1076.00
-75.7511066,  36.1874240,    -2.37,   218.00,  1076.00
-75.7509799,  36.1874577,    -2.09,   230.00,  1076.00
-75.7508531,  36.1874914,    -2.02,   242.00,  1076.00
-75.7507263,  36.1875250,    -2.24,   254.00,  1076.00
-75.7505996,  36.1875587,    -2.48,   266.00,  1076.00
-75.7504728,  36.1875924,    -2.72,   278.00,  1076.00
-75.7503460,  36.1876260,    -2.97,   290.00,  1076.00
-75.7502193,  36.1876597,    -3.26,   302.00,  1076.00
-75.7500925,  36.1876934,    -3.54,   314.00,  1076.00
-75.7499657,  36.1877271,    -3.77,   326.00,  1076.00
-75.7498389,  36.1877607,    -3.96,   338.00,  1076.00
-75.7497122,  36.1877944,    -4.10,   350.00,  1076.00
-75.7495854,  36.1878281,    -4.22,   362.00,  1076.00
-75.7494586,  36.1878617,    -4.31,   374.00,  1076.00
-75.7493319,  36.1878954,    -4.39,   386.00,  1076.00
-75.7492051,  36.1879291,    -4.46,   398.00,  1076.00
-75.7490783,  36.1879627,    -4.52,   410.00,  1076.00
-75.7489516,  36.1879964,    -4.58,   422.00,  1076.00
-75.7488248,  36.1880301,    -4.64,   434.00,  1076.00
-75.7486980,  36.1880637,    -4.70,   446.00,  1076.00
-75.7485712,  36.1880974,    -4.77,   458.00,  1076.00
-75.7484445,  36.1881311,    -4.84,   470.00,  1076.00
-75.7483177,  36.1881647,    -4.92,   482.00,  1076.00
-75.7481909,  36.1881984,    -5.00,   494.00,  1076.00
-75.7480642,  36.1882321,    -5.09,   506.00,  1076.00
-75.7479374,  36.1882657,    -5.18,   518.00,  1076.00
-75.7478106,  36.1882994,    -5.28,   530.00,  1076.00
-75.7476839,  36.1883331,    -5.38,   542.00,  1076.00
-75.7475571,  36.1883667,    -5.48,   554.00,  1076.00
-75.7474303,  36.1884004,    -5.59,   566.00,  1076.00
-75.7473036,  36.1884341,    -5.69,   578.00,  1076.00
-75.7471768,  36.1884678,    -5.79,   590.00,  1076.00
-75.7470500,  36.1885014,    -5.90,   602.00,  1076.00
-75.7469232,  36.1885351,    -6.00,   614.00,  1076.00
-75.7467965,  36.1885688,    -6.10,   626.00,  1076.00
-75.7466697,  36.1886024,    -6.20,   638.00,  1076.00
-75.7465429,  36.1886361,    -6.30,   650.00,  1076.00
-75.7464162,  36.1886698,    -6.40,   662.00,  1076.00
-75.7462894,  36.1887034,    -6.50,   674.00,  1076.00
-75.7461626,  36.1887371,    -6.59,   686.00,  1076.00
-75.7460359,  36.1887708,    -6.68,   698.00,  1076.00
-75.7459091,  36.1888044,    -6.76,   710.00,  1076.00
-75.7457823,  36.1888381,    -6.84,   722.00,  1076.00
-75.7456556,  36.1888718,    -6.90,   734.00,  1076.00
-75.7455288,  36.1889054,    -6.94,   746.00,  1076.00
-75.7527109,  36.1872256,     3.46,    74.00,  1100.00
-75.7525842,  36.1872592,     3.33,    86.00,  1100.00
-75.7524574,  36.1872929,     2.95,    98.00,  1100.00
-75.7523306,  36.1873266,     2.49,   110.00,  1100.00
-75.7522039,  36.1873602,     1.30,   122.00,  1100.00
-75.7520771,  36.1873939,    -0.05,   134.00,  1100.00
-75.7519503,  36.1874276,    -1.31,   146.00,  1100.00
-75.7518235,  36.1874612,    -2.05,   158.00,  1100.00
-75.7516968,  36.1874949,    -2.34,   170.00,  1100.00
-75.7515700,  36.1875286,    -2.65,   182.00,  1100.00
-75.7514432,  36.1875622,    -2.73,   194.00,  1100.00
-75.7513165,  36.1875959,    -2.71,   206.00,  1100.00
-75.7511897,  36.1876296,    -2.59,   218.00,  1100.00
-75.7510629,  36.1876632,    -1.81,   230.00,  1100.00
-75.7509362,  36.1876969,    -1.95,   242.00,  1100.00
-75.7508094,  36.1877306,    -2.21,   254.00,  1100.00
-75.7506826,  36.1877643,    -2.43,   266.00,  1100.00
-75.7505558,  36.1877979,    -2.64,   278.00,  1100.00
-75.7504291,  36.1878316,    -2.88,   290.00,  1100.00
-75.7503023,  36.1878653,    -3.18,   302.00,  1100.00
-75.7501755,  36.1878989,    -3.50,   314.00,  1100.00
-75.7500488,  36.1879326,    -3.74,   326.00,  1100.00
-75.7499220,  36.1879663,    -3.92,   338.00,  1100.00
-75.7497952,  36.1879999,    -4.07,   350.00,  1100.00
-75.7496685,  36.1880336,    -4.18,   362.00,  1100.00
-75.7495417,  36.1880673,    -4.29,   374.00,  1100.00
-75.7494149,  36.1881009,    -4.36,   386.00,  1100.00
-75.7492882,  36.1881346,    -4.43,   398.00,  1100.00
-75.7491614,  36.1881683,    -4.49,   410.00,  1100.00
-75.7490346,  36.1882019,    -4.55,   422.00,  1100.00
-75.7489078,  36.1882356,    -4.62,   434.00,  1100.00
-75.7487811,  36.1882693,    -4.68,   446.00,  1100.00
-75.7486543,  36.1883029,    -4.76,   458.00,  1100.00
-75.7485275,  36.1883366,    -4.83,   470.00,  1100.00
-75.7484008,  36.1883703,    -4.90,   482.00,  1100.00
-75.7482740,  36.1884039,    -4.99,   494.00,  1100.00
-75.7481472,  36.1884376,    -5.08,   506.00,  1100.00
-75.7480205,  36.1884713,    -5.16,   518.00,  1100.00
-75.7478937,  36.1885050,    -5.26,   530.00,  1100.00
-75.7477669,  36.1885386,    -5.36,   542.00,  1100.00
-75.7476402,  36.1885723,    -5.46,   554.00,  1100.00
-75.7475134,  36.1886060,    -5.57,   566.00,  1100.00
-75.7473866,  36.1886396,    -5.68,   578.00,  1100.00
-75.7472598,  36.1886733,    -5.78,   590.00,  1100.00
-75.7471331,  36.1887070,    -5.89,   602.00,  1100.00
-75.7470063,  36.1887406,    -5.98,   614.00,  1100.00
-75.7468795,  36.1887743,    -6.08,   626.00,  1100.00
-75.7467528,  36.1888080,    -6.18,   638.00,  1100.00
-75.7466260,  36.1888416,    -6.29,   650.00,  1100.00
-75.7464992,  36.1888753,    -6.39,   662.00,  1100.00
-75.7463725,  36.1889090,    -6.48,   674.00,  1100.00
-75.7462457,  36.1889426,    -6.57,   686.00,  1100.00
-75.7461189,  36.1889763,    -6.67,   698.00,  1100.00
-75.7459922,  36.1890100,    -6.76,   710.00,  1100.00
-75.7458654,  36.1890436,    -6.85,   722.00,  1100.00
-75.7457386,  36.1890773,    -6.93,   734.00,  1100.00
-75.7456118,  36.1891110,    -6.99,   746.00,  1100.00
