-75.7510541,  36.1824308,     8.13,    50.00,   548.00
-75.7509273,  36.1824645,     7.74,    62.00,   548.00
-75.7508005,  36.1824981,     4.82,    74.00,   548.00
-75.7506738,  36.1825318,     3.21,    86.00,   548.00
-75.7505470,  36.1825655,     1.83,    98.00,   548.00
-75.7504202,  36.1825991,     0.53,   110.00,   548.00
-75.7502935,  36.1826328,    -0.15,   122.00,   548.00
-75.7501667,  36.1826665,    -0.67,   134.00,   548.00
-75.7500399,  36.1827001,    -1.12,   146.00,   548.00
-75.7499131,  36.1827338,    -1.46,   158.00,   548.00
-75.7497864,  36.1827675,    -1.67,   170.00,   548.00
-75.7496596,  36.1828011,    -1.78,   182.00,   548.00
-75.7495328,  36.1828348,    -1.80,   194.00,   548.00
-75.7494061,  36.1828685,    -1.94,   206.00,   548.00
-75.7492793,  36.1829021,    -2.31,   218.00,   548.00
-75.7491525,  36.1829358,    -2.84,   230.00,   548.00
-75.7490258,  36.1829695,    -3.36,   242.00,   548.00
-75.7488990,  36.1830031,    -3.81,   254.00,   548.00
-75.7487722,  36.1830368,    -4.03,   266.00,   548.00
-75.7486455,  36.1830705,    -4.07,   278.00,   548.00
-75.7485187,  36.1831042,    -4.00,   290.00,   548.00
-75.7483919,  36.1831378,    -3.89,   302.00,   548.00
-75.7482651,  36.1831715,    -3.81,   314.00,   548.00
-75.7481384,  36.1832052,    -3.79,   326.00,   548.00
-75.7480116,  36.1832388,    -3.82,   338.00,   548.00
-75.7478848,  36.1832725,    -3.93,   350.00,   548.00
-75.7477581,  36.1833062,    -4.01,   362.00,   548.00
-75.7476313,  36.1833398,    -4.14,   374.00,   548.00
-75.7475045,  36.1833735,    -4.24,   386.00,   548.00
-75.7473778,  36.1834072,    -4.37,   398.00,   548.00
-75.7472510,  36.1834408,    -4.53,   410.00,   548.00
-75.7471242,  36.1834745,    -4.70,   422.00,   548.00
-75.7469975,  36.1835082,    -4.88,   434.00,   548.00
-75.7468707,  36.1835418,    -5.06,   446.00,   548.00
-75.7467439,  36.1835755,    -5.20,   458.00,   548.00
-75.7466171,  36.1836092,    -5.37,   470.00,   548.00
-75.7464904,  36.1836428,    -5.54,   482.00,   548.00
-75.7463636,  36.1836765,    -5.71,   494.00,   548.00
-75.7462368,  36.1837102,    -5.89,   506.00,   548.00
-75.7461101,  36.1837438,    -6.04,   518.00,   548.00
-75.7459833,  36.1837775,    -6.18,   530.00,   548.00
-75.7458565,  36.1838112,    -6.37,   542.00,   548.00
-75.7457298,  36.1838449,    -6.42,   554.00,   548.00
-75.7511371,  36.1826363,     7.71,    50.00,   572.00
-75.7510104,  36.1826700,     6.75,    62.00,   572.00
-75.7508836,  36.1827037,     4.74,    74.00,   572.00
-75.7507568,  36.1827373,     2.70,    86.00,   572.00
-75.7506301,  36.1827710,     1.37,    98.00,   572.00
-75.7505033,  36.1828047,     0.47,   110.00,   572.00
-75.7503765,  36.1828383,    -0.32,   122.00,   572.00
-75.7502497,  36.1828720,    -0.88,   134.00,   572.00
-75.7501230,  36.1829057,    -1.19,   146.00,   572.00
-75.7499962,  36.1829393,    -1.46,   158.00,   572.00
-75.7498694,  36.1829730,    -1.62,   170.00,   572.00
-75.7497427,  36.1830067,    -1.70,   182.00,   572.00
-75.7496159,  36.1830403,    -1.74,   194.00,   572.00
-75.7494891,  36.1830740,    -1.94,   206.00,   572.00
-75.7493624,  36.1831077,    -2.34,   218.00,   572.00
-75.7492356,  36.1831414,    -2.86,   230.00,   572.00
-75.7491088,  36.1831750,    -3.41,   242.00,   572.00
-75.7489821,  36.1832087,    -3.83,   254.00,   572.00
-75.7488553,  36.1832424,    -4.03,   266.00,   572.00
-75.7487285,  36.1832760,    -4.05,   278.00,   572.00
-75.7486017,  36.1833097,    -3.97,   290.00,   572.00
-75.7484750,  36.1833434,    -3.86,   302.00,   572.00
-75.7483482,  36.1833770,    -3.79,   314.00,   572.00
-75.7482214,  36.1834107,    -3.77,   326.00,   572.00
-75.7480947,  36.1834444,    -3.82,   338.00,   572.00
-75.7479679,  36.1834780,    -3.90,   350.00,   572.00
-75.7478411,  36.1835117,    -4.07,   362.00,   572.00
-75.7477144,  36.1835454,    -4.11,   374.00,   572.00
-75.7475876,  36.1835790,    -4.19,   386.00,   572.00
-75.7474608,  36.1836127,    -4.36,   398.00,   572.00
-75.7473341,  36.1836464,    -4.53,   410.00,   572.00
-75.7472073,  36.1836800,    -4.70,   422.00,   572.00
-75.7470805,  36.1837137,    -4.88,   434.00,   572.00
-75.7469537,  36.1837474,    -5.05,   446.00,   572.00
-75.7468270,  36.1837810,    -5.20,   458.00,   572.00
-75.7467002,  36.1838147,    -5.36,   470.00,   572.00
-75.7465734,  36.1838484,    -5.55,   482.00,   572.00
-75.7464467,  36.1838821,    -5.71,   494.00,   572.00
-75.7463199,  36.1839157,    -5.86,   506.00,   572.00
-75.7461931,  36.1839494,    -6.01,   518.00,   572.00
-75.7460664,  36.1839831,    -6.16,   530.00,   572.00
-75.7459396,  36.1840167,    -6.31,   542.00,   572.00
-75.7458128,  36.1840504,    -6.39,   554.00,   572.00
-75.7512202,  36.1828419,     7.31,    50.00,   596.00
-75.7510934,  36.1828755,     6.76,    62.00,   596.00
-75.7509667,  36.1829092,     3.96,    74.00,   596.00
-75.7508399,  36.1829429,     2.45,    86.00,   596.00
-75.7507131,  36.1829765,     1.20,    98.00,   596.00
-75.7505863,  36.1830102,     0.08,   110.00,   596.00
-75.7504596,  36.1830439,    -0.71,   122.00,   596.00
-75.7503328,  36.1830775,    -1.30,   134.00,   596.00
-75.7502060,  36.1831112,    -1.60,   146.00,   596.00
-75.7500793,  36.1831449,    -1.47,   158.00,   596.00
-75.7499525,  36.1831786,    -1.20,   170.00,   596.00
-75.7498257,  36.1832122,    -1.46,   182.00,   596.00
-75.7496990,  36.1832459,    -1.79,   194.00,   596.00
-75.7495722,  36.1832796,    -2.19,   206.00,   596.00
-75.7494454,  36.1833132,    -2.65,   218.00,   596.00
-75.7493187,  36.1833469,    -3.13,   230.00,   596.00
-75.7491919,  36.1833806,    -3.56,   242.00,   596.00
-75.7490651,  36.1834142,    -3.83,   254.00,   596.00
-75.7489383,  36.1834479,    -3.91,   266.00,   596.00
-75.7488116,  36.1834816,    -3.88,   278.00,   596.00
-75.7486848,  36.1835152,    -3.82,   290.00,   596.00
-75.7485580,  36.1835489,    -3.79,   302.00,   596.00
-75.7484313,  36.1835826,    -3.74,   314.00,   596.00
-75.7483045,  36.1836162,    -3.74,   326.00,   596.00
-75.7481777,  36.1836499,    -3.82,   338.00,   596.00
-75.7480510,  36.1836836,    -3.90,   350.00,   596.00
-75.7479242,  36.1837172,    -3.97,   362.00,   596.00
-75.7477974,  36.1837509,    -4.09,   374.00,   596.00
-75.7476707,  36.1837846,    -4.19,   386.00,   596.00
-75.7475439,  36.1838182,    -4.35,   398.00,   596.00
-75.7474171,  36.1838519,    -4.51,   410.00,   596.00
-75.7472903,  36.1838856,    -4.68,   422.00,   596.00
-75.7471636,  36.1839193,    -4.84,   434.00,   596.00
-75.7470368,  36.1839529,    -5.01,   446.00,   596.00
-75.7469100,  36.1839866,    -5.17,   458.00,   596.00
-75.7467833,  36.1840203,    -5.35,   470.00,   596.00
-75.7466565,  36.1840539,    -5.51,   482.00,   596.00
-75.7465297,  36.1840876,    -5.60,   494.00,   596.00
-75.7464030,  36.1841213,    -5.77,   506.00,   596.00
-75.7462762,  36.1841549,    -5.88,   518.00,   596.00
-75.7461494,  36.1841886,    -6.02,   530.00,   596.00
-75.7460227,  36.1842223,    -6.13,   542.00,   596.00
-75.7458959,  36.1842559,    -6.22,   554.00,   596.00
-75.7513033,  36.1830474,     6.96,    50.00,   620.00
-75.7511765,  36.1830811,     6.22,    62.00,   620.00
-75.7510497,  36.1831147,     4.34,    74.00,   620.00
-75.7509229,  36.1831484,     2.55,    86.00,   620.00
-75.7507962,  36.1831821,     1.14,    98.00,   620.00
-75.7506694,  36.1832158,    -0.05,   110.00,   620.00
-75.7505426,  36.1832494,    -0.73,   122.00,   620.00
-75.7504159,  36.1832831,    -1.10,   134.00,   620.00
-75.7502891,  36.1833168,    -1.26,   146.00,   620.00
-75.7501623,  36.1833504,    -1.31,   158.00,   620.00
-75.7500356,  36.1833841,    -1.40,   170.00,   620.00
-75.7499088,  36.1834178,    -1.62,   182.00,   620.00
-75.7497820,  36.1834514,    -2.00,   194.00,   620.00
-75.7496553,  36.1834851,    -2.45,   206.00,   620.00
-75.7495285,  36.1835188,    -2.89,   218.00,   620.00
-75.7494017,  36.1835524,    -3.28,   230.00,   620.00
-75.7492749,  36.1835861,    -3.57,   242.00,   620.00
-75.7491482,  36.1836198,    -3.76,   254.00,   620.00
-75.7490214,  36.1836534,    -3.84,   266.00,   620.00
-75.7488946,  36.1836871,    -3.84,   278.00,   620.00
-75.7487679,  36.1837208,    -3.82,   290.00,   620.00
-75.7486411,  36.1837544,    -3.78,   302.00,   620.00
-75.7485143,  36.1837881,    -3.75,   314.00,   620.00
-75.7483876,  36.1838218,    -3.76,   326.00,   620.00
-75.7482608,  36.1838554,    -3.81,   338.00,   620.00
-75.7481340,  36.1838891,    -3.89,   350.00,   620.00
-75.7480073,  36.1839228,    -3.98,   362.00,   620.00
-75.7478805,  36.1839565,    -4.09,   374.00,   620.00
-75.7477537,  36.1839901,    -4.22,   386.00,   620.00
-75.7476269,  36.1840238,    -4.35,   398.00,   620.00
-75.7475002,  36.1840575,    -4.51,   410.00,   620.00
-75.7473734,  36.1840911,    -4.67,   422.00,   620.00
-75.7472466,  36.1841248,    -4.81,   434.00,   620.00
-75.7471199,  36.1841585,    -4.97,   446.00,   620.00
-75.7469931,  36.1841921,    -5.14,   458.00,   620.00
-75.7468663,  36.1842258,    -5.29,   470.00,   620.00
-75.7467396,  36.1842595,    -5.43,   482.00,   620.00
-75.7466128,  36.1842931,    -5.57,   494.00,   620.00
-75.7464860,  36.1843268,    -5.70,   506.00,   620.00
-75.7463593,  36.1843605,    -5.82,   518.00,   620.00
-75.7462325,  36.1843941,    -5.95,   530.00,   620.00
-75.7461057,  36.1844278,    -6.04,   542.00,   620.00
-75.7459789,  36.1844615,    -6.13,   554.00,   620.00
-75.7513863,  36.1832530,     6.93,    50.00,   644.00
-75.7512595,  36.1832866,     6.61,    62.00,   644.00
-75.7511328,  36.1833203,     3.89,    74.00,   644.00
-75.7510060,  36.1833540,     2.33,    86.00,   644.00
-75.7508792,  36.1833876,     0.97,    98.00,   644.00
-75.7507525,  36.1834213,    -0.18,   110.00,   644.00
-75.7506257,  36.1834550,    -0.99,   122.00,   644.00
-75.7504989,  36.1834886,    -1.00,   134.00,   644.00
-75.7503722,  36.1835223,    -1.09,   146.00,   644.00
-75.7502454,  36.1835560,    -1.19,   158.00,   644.00
-75.7501186,  36.1835896,    -1.40,   170.00,   644.00
-75.7499919,  36.1836233,    -1.75,   182.00,   644.00
-75.7498651,  36.1836570,    -2.13,   194.00,   644.00
-75.7497383,  36.1836906,    -2.65,   206.00,   644.00
-75.7496115,  36.1837243,    -3.11,   218.00,   644.00
-75.7494848,  36.1837580,    -3.46,   230.00,   644.00
-75.7493580,  36.1837916,    -3.66,   242.00,   644.00
-75.7492312,  36.1838253,    -3.76,   254.00,   644.00
-75.7491045,  36.1838590,    -3.81,   266.00,   644.00
-75.7489777,  36.1838926,    -3.83,   278.00,   644.00
-75.7488509,  36.1839263,    -3.81,   290.00,   644.00
-75.7487242,  36.1839600,    -3.77,   302.00,   644.00
-75.7485974,  36.1839937,    -3.75,   314.00,   644.00
-75.7484706,  36.1840273,    -3.76,   326.00,   644.00
-75.7483439,  36.1840610,    -3.81,   338.00,   644.00
-75.7482171,  36.1840947,    -3.88,   350.00,   644.00
-75.7480903,  36.1841283,    -3.98,   362.00,   644.00
-75.7479635,  36.1841620,    -4.09,   374.00,   644.00
-75.7478368,  36.1841957,    -4.22,   386.00,   644.00
-75.7477100,  36.1842293,    -4.36,   398.00,   644.00
-75.7475832,  36.1842630,    -4.51,   410.00,   644.00
-75.7474565,  36.1842967,    -4.65,   422.00,   644.00
-75.7473297,  36.1843303,    -4.83,   434.00,   644.00
-75.7472029,  36.1843640,    -5.01,   446.00,   644.00
-75.7470762,  36.1843977,    -5.11,   458.00,   644.00
-75.7469494,  36.1844313,    -5.23,   470.00,   644.00
-75.7468226,  36.1844650,    -5.37,   482.00,   644.00
-75.7466958,  36.1844987,    -5.53,   494.00,   644.00
-75.7465691,  36.1845323,    -5.66,   506.00,   644.00
-75.7464423,  36.1845660,    -5.78,   518.00,   644.00
-75.7463155,  36.1845997,    -5.88,   530.00,   644.00
-75.7461888,  36.1846333,    -5.99,   542.00,   644.00
-75.7460620,  36.1846670,    -6.09,   554.00,   644.00
-75.7514694,  36.1834585,     6.58,    50.00,   668.00
-75.7513426,  36.1834922,     6.02,    62.00,   668.00
-75.7512158,  36.1835258,     4.01,    74.00,   668.00
-75.7510891,  36.1835595,     2.31,    86.00,   668.00
-75.7509623,  36.1835932,     0.92,    98.00,   668.00
-75.7508355,  36.1836268,    -0.25,   110.00,   668.00
-75.7507088,  36.1836605,    -0.90,   122.00,   668.00
-75.7505820,  36.1836942,    -1.10,   134.00,   668.00
-75.7504552,  36.1837278,    -1.19,   146.00,   668.00
-75.7503285,  36.1837615,    -1.31,   158.00,   668.00
-75.7502017,  36.1837952,    -1.49,   170.00,   668.00
-75.7500749,  36.1838288,    -1.81,   182.00,   668.00
-75.7499481,  36.1838625,    -2.28,   194.00,   668.00
-75.7498214,  36.1838962,    -2.80,   206.00,   668.00
-75.7496946,  36.1839298,    -3.31,   218.00,   668.00
-75.7495678,  36.1839635,    -3.67,   230.00,   668.00
-75.7494411,  36.1839972,    -3.80,   242.00,   668.00
-75.7493143,  36.1840309,    -3.83,   254.00,   668.00
-75.7491875,  36.1840645,    -3.83,   266.00,   668.00
-75.7490608,  36.1840982,    -3.82,   278.00,   668.00
-75.7489340,  36.1841319,    -3.81,   290.00,   668.00
-75.7488072,  36.1841655,    -3.78,   302.00,   668.00
-75.7486804,  36.1841992,    -3.76,   314.00,   668.00
-75.7485537,  36.1842329,    -3.76,   326.00,   668.00
-75.7484269,  36.1842665,    -3.81,   338.00,   668.00
-75.7483001,  36.1843002,    -3.88,   350.00,   668.00
-75.7481734,  36.1843339,    -3.97,   362.00,   668.00
-75.7480466,  36.1843675,    -4.08,   374.00,   668.00
-75.7479198,  36.1844012,    -4.22,   386.00,   668.00
-75.7477931,  36.1844349,    -4.35,   398.00,   668.00
-75.7476663,  36.1844685,    -4.49,   410.00,   668.00
-75.7475395,  36.1845022,    -4.63,   422.00,   668.00
-75.7474128,  36.1845359,    -4.78,   434.00,   668.00
-75.7472860,  36.1845695,    -4.94,   446.00,   668.00
-75.7471592,  36.1846032,    -5.06,   458.00,   668.00
-75.7470324,  36.1846369,    -5.20,   470.00,   668.00
-75.7469057,  36.1846705,    -5.35,   482.00,   668.00
-75.7467789,  36.1847042,    -5.50,   494.00,   668.00
-75.7466521,  36.1847379,    -5.64,   506.00,   668.00
-75.7465254,  36.1847716,    -5.74,   518.00,   668.00
-75.7463986,  36.1848052,    -5.86,   530.00,   668.00
-75.7462718,  36.1848389,    -5.96,   542.00,   668.00
-75.7461451,  36.1848726,    -6.04,   554.00,   668.00
-75.7515524,  36.1836640,     6.69,    50.00,   692.00
-75.7514257,  36.1836977,     5.91,    62.00,   692.00
-75.7512989,  36.1837314,     3.65,    74.00,   692.00
-75.7511721,  36.1837650,     2.13,    86.00,   692.00
-75.7510454,  36.1837987,     0.78,    98.00,   692.00
-75.7509186,  36.1838324,    -0.43,   110.00,   692.00
-75.7507918,  36.1838660,    -1.04,   122.00,   692.00
-75.7506651,  36.1838997,    -1.12,   134.00,   692.00
-75.7505383,  36.1839334,    -1.20,   146.00,   692.00
-75.7504115,  36.1839670,    -1.32,   158.00,   692.00
-75.7502847,  36.1840007,    -1.52,   170.00,   692.00
-75.7501580,  36.1840344,    -1.85,   182.00,   692.00
-75.7500312,  36.1840681,    -2.37,   194.00,   692.00
-75.7499044,  36.1841017,    -2.92,   206.00,   692.00
-75.7497777,  36.1841354,    -3.42,   218.00,   692.00
-75.7496509,  36.1841691,    -3.77,   230.00,   692.00
-75.7495241,  36.1842027,    -3.88,   242.00,   692.00
-75.7493974,  36.1842364,    -3.88,   254.00,   692.00
-75.7492706,  36.1842701,    -3.85,   266.00,   692.00
-75.7491438,  36.1843037,    -3.82,   278.00,   692.00
-75.7490170,  36.1843374,    -3.81,   290.00,   692.00
-75.7488903,  36.1843711,    -3.77,   302.00,   692.00
-75.7487635,  36.1844047,    -3.75,   314.00,   692.00
-75.7486367,  36.1844384,    -3.76,   326.00,   692.00
-75.7485100,  36.1844721,    -3.81,   338.00,   692.00
-75.7483832,  36.1845057,    -3.88,   350.00,   692.00
-75.7482564,  36.1845394,    -3.97,   362.00,   692.00
-75.7481297,  36.1845731,    -4.08,   374.00,   692.00
-75.7480029,  36.1846067,    -4.20,   386.00,   692.00
-75.7478761,  36.1846404,    -4.33,   398.00,   692.00
-75.7477494,  36.1846741,    -4.47,   410.00,   692.00
-75.7476226,  36.1847077,    -4.62,   422.00,   692.00
-75.7474958,  36.1847414,    -4.76,   434.00,   692.00
-75.7473690,  36.1847751,    -4.90,   446.00,   692.00
-75.7472423,  36.1848088,    -5.04,   458.00,   692.00
-75.7471155,  36.1848424,    -5.19,   470.00,   692.00
-75.7469887,  36.1848761,    -5.33,   482.00,   692.00
-75.7468620,  36.1849098,    -5.45,   494.00,   692.00
-75.7467352,  36.1849434,    -5.59,   506.00,   692.00
-75.7466084,  36.1849771,    -5.71,   518.00,   692.00
-75.7464817,  36.1850108,    -5.83,   530.00,   692.00
-75.7463549,  36.1850444,    -5.94,   542.00,   692.00
-75.7462281,  36.1850781,    -6.01,   554.00,   692.00
-75.7516355,  36.1838696,     7.28,    50.00,   716.00
-75.7515087,  36.1839032,     6.19,    62.00,   716.00
-75.7513820,  36.1839369,     3.39,    74.00,   716.00
-75.7512552,  36.1839706,     2.21,    86.00,   716.00
-75.7511284,  36.1840042,     0.71,    98.00,   716.00
-75.7510016,  36.1840379,    -0.74,   110.00,   716.00
-75.7508749,  36.1840716,    -1.20,   122.00,   716.00
-75.7507481,  36.1841053,    -0.94,   134.00,   716.00
-75.7506213,  36.1841389,    -0.99,   146.00,   716.00
-75.7504946,  36.1841726,    -1.19,   158.00,   716.00
-75.7503678,  36.1842063,    -1.52,   170.00,   716.00
-75.7502410,  36.1842399,    -1.93,   182.00,   716.00
-75.7501143,  36.1842736,    -2.42,   194.00,   716.00
-75.7499875,  36.1843073,    -2.98,   206.00,   716.00
-75.7498607,  36.1843409,    -3.45,   218.00,   716.00
-75.7497340,  36.1843746,    -3.76,   230.00,   716.00
-75.7496072,  36.1844083,    -3.88,   242.00,   716.00
-75.7494804,  36.1844419,    -3.91,   254.00,   716.00
-75.7493536,  36.1844756,    -3.86,   266.00,   716.00
-75.7492269,  36.1845093,    -3.82,   278.00,   716.00
-75.7491001,  36.1845429,    -3.78,   290.00,   716.00
-75.7489733,  36.1845766,    -3.76,   302.00,   716.00
-75.7488466,  36.1846103,    -3.73,   314.00,   716.00
-75.7487198,  36.1846439,    -3.74,   326.00,   716.00
-75.7485930,  36.1846776,    -3.80,   338.00,   716.00
-75.7484663,  36.1847113,    -3.90,   350.00,   716.00
-75.7483395,  36.1847449,    -3.98,   362.00,   716.00
-75.7482127,  36.1847786,    -4.10,   374.00,   716.00
-75.7480860,  36.1848123,    -4.23,   386.00,   716.00
-75.7479592,  36.1848460,    -4.35,   398.00,   716.00
-75.7478324,  36.1848796,    -4.48,   410.00,   716.00
-75.7477056,  36.1849133,    -4.60,   422.00,   716.00
-75.7475789,  36.1849470,    -4.74,   434.00,   716.00
-75.7474521,  36.1849806,    -4.92,   446.00,   716.00
-75.7473253,  36.1850143,    -5.05,   458.00,   716.00
-75.7471986,  36.1850480,    -5.18,   470.00,   716.00
-75.7470718,  36.1850816,    -5.31,   482.00,   716.00
-75.7469450,  36.1851153,    -5.43,   494.00,   716.00
-75.7468183,  36.1851490,    -5.56,   506.00,   716.00
-75.7466915,  36.1851826,    -5.68,   518.00,   716.00
-75.7465647,  36.1852163,    -5.81,   530.00,   716.00
-75.7464380,  36.1852500,    -5.92,   542.00,   716.00
-75.7463112,  36.1852836,    -6.00,   554.00,   716.00
-75.7517186,  36.1840751,     7.29,    50.00,   740.00
-75.7515918,  36.1841088,     6.00,    62.00,   740.00
-75.7514650,  36.1841425,     3.06,    74.00,   740.00
-75.7513382,  36.1841761,     1.91,    86.00,   740.00
-75.7512115,  36.1842098,     0.75,    98.00,   740.00
-75.7510847,  36.1842435,    -0.48,   110.00,   740.00
-75.7509579,  36.1842771,    -0.97,   122.00,   740.00
-75.7508312,  36.1843108,    -0.91,   134.00,   740.00
-75.7507044,  36.1843445,    -1.05,   146.00,   740.00
-75.7505776,  36.1843781,    -1.27,   158.00,   740.00
-75.7504509,  36.1844118,    -1.63,   170.00,   740.00
-75.7503241,  36.1844455,    -2.05,   182.00,   740.00
-75.7501973,  36.1844791,    -2.56,   194.00,   740.00
-75.7500706,  36.1845128,    -3.07,   206.00,   740.00
-75.7499438,  36.1845465,    -3.48,   218.00,   740.00
-75.7498170,  36.1845801,    -3.73,   230.00,   740.00
-75.7496902,  36.1846138,    -3.85,   242.00,   740.00
-75.7495635,  36.1846475,    -3.87,   254.00,   740.00
-75.7494367,  36.1846811,    -3.87,   266.00,   740.00
-75.7493099,  36.1847148,    -3.83,   278.00,   740.00
-75.7491832,  36.1847485,    -3.76,   290.00,   740.00
-75.7490564,  36.1847821,    -3.72,   302.00,   740.00
-75.7489296,  36.1848158,    -3.69,   314.00,   740.00
-75.7488029,  36.1848495,    -3.71,   326.00,   740.00
-75.7486761,  36.1848832,    -3.77,   338.00,   740.00
-75.7485493,  36.1849168,    -3.85,   350.00,   740.00
-75.7484226,  36.1849505,    -3.94,   362.00,   740.00
-75.7482958,  36.1849842,    -4.07,   374.00,   740.00
-75.7481690,  36.1850178,    -4.19,   386.00,   740.00
-75.7480422,  36.1850515,    -4.32,   398.00,   740.00
-75.7479155,  36.1850852,    -4.45,   410.00,   740.00
-75.7477887,  36.1851188,    -4.59,   422.00,   740.00
-75.7476619,  36.1851525,    -4.73,   434.00,   740.00
-75.7475352,  36.1851862,    -4.89,   446.00,   740.00
-75.7474084,  36.1852198,    -5.02,   458.00,   740.00
-75.7472816,  36.1852535,    -5.13,   470.00,   740.00
-75.7471549,  36.1852872,    -5.33,   482.00,   740.00
-75.7470281,  36.1853208,    -5.44,   494.00,   740.00
-75.7469013,  36.1853545,    -5.56,   506.00,   740.00
-75.7467746,  36.1853882,    -5.67,   518.00,   740.00
-75.7466478,  36.1854218,    -5.81,   530.00,   740.00
-75.7465210,  36.1854555,    -5.94,   542.00,   740.00
-75.7463942,  36.1854892,    -6.01,   554.00,   740.00
-75.7518016,  36.1842807,     7.18,    50.00,   764.00
-75.7516748,  36.1843143,     5.87,    62.00,   764.00
-75.7515481,  36.1843480,     2.90,    74.00,   764.00
-75.7514213,  36.1843817,     1.85,    86.00,   764.00
-75.7512945,  36.1844153,     0.79,    98.00,   764.00
-75.7511678,  36.1844490,    -0.36,   110.00,   764.00
-75.7510410,  36.1844827,    -0.97,   122.00,   764.00
-75.7509142,  36.1845163,    -0.97,   134.00,   764.00
-75.7507875,  36.1845500,    -1.11,   146.00,   764.00
-75.7506607,  36.1845837,    -1.29,   158.00,   764.00
-75.7505339,  36.1846173,    -1.59,   170.00,   764.00
-75.7504072,  36.1846510,    -2.09,   182.00,   764.00
-75.7502804,  36.1846847,    -2.65,   194.00,   764.00
-75.7501536,  36.1847183,    -3.12,   206.00,   764.00
-75.7500268,  36.1847520,    -3.50,   218.00,   764.00
-75.7499001,  36.1847857,    -3.74,   230.00,   764.00
-75.7497733,  36.1848193,    -3.86,   242.00,   764.00
-75.7496465,  36.1848530,    -3.89,   254.00,   764.00
-75.7495198,  36.1848867,    -3.87,   266.00,   764.00
-75.7493930,  36.1849204,    -3.83,   278.00,   764.00
-75.7492662,  36.1849540,    -3.77,   290.00,   764.00
-75.7491395,  36.1849877,    -3.72,   302.00,   764.00
-75.7490127,  36.1850214,    -3.69,   314.00,   764.00
-75.7488859,  36.1850550,    -3.73,   326.00,   764.00
-75.7487592,  36.1850887,    -3.78,   338.00,   764.00
-75.7486324,  36.1851224,    -3.86,   350.00,   764.00
-75.7485056,  36.1851560,    -3.96,   362.00,   764.00
-75.7483788,  36.1851897,    -4.08,   374.00,   764.00
-75.7482521,  36.1852234,    -4.19,   386.00,   764.00
-75.7481253,  36.1852570,    -4.33,   398.00,   764.00
-75.7479985,  36.1852907,    -4.47,   410.00,   764.00
-75.7478718,  36.1853244,    -4.62,   422.00,   764.00
-75.7477450,  36.1853580,    -4.75,   434.00,   764.00
-75.7476182,  36.1853917,    -4.89,   446.00,   764.00
-75.7474915,  36.1854254,    -5.05,   458.00,   764.00
-75.7473647,  36.1854590,    -5.14,   470.00,   764.00
-75.7472379,  36.1854927,    -5.27,   482.00,   764.00
-75.7471112,  36.1855264,    -5.42,   494.00,   764.00
-75.7469844,  36.1855600,    -5.54,   506.00,   764.00
-75.7468576,  36.1855937,    -5.68,   518.00,   764.00
-75.7467308,  36.1856274,    -5.82,   530.00,   764.00
-75.7466041,  36.1856611,    -5.93,   542.00,   764.00
-75.7464773,  36.1856947,    -5.99,   554.00,   764.00
-75.7518847,  36.1844862,     6.82,    50.00,   788.00
-75.7517579,  36.1845199,     5.43,    62.00,   788.00
-75.7516311,  36.1845535,     3.31,    74.00,   788.00
-75.7515044,  36.1845872,     1.92,    86.00,   788.00
-75.7513776,  36.1846209,     0.80,    98.00,   788.00
-75.7512508,  36.1846545,    -0.31,   110.00,   788.00
-75.7511241,  36.1846882,    -0.94,   122.00,   788.00
-75.7509973,  36.1847219,    -1.07,   134.00,   788.00
-75.7508705,  36.1847555,    -1.10,   146.00,   788.00
-75.7507438,  36.1847892,    -1.27,   158.00,   788.00
-75.7506170,  36.1848229,    -1.60,   170.00,   788.00
-75.7504902,  36.1848565,    -2.07,   182.00,   788.00
-75.7503634,  36.1848902,    -2.61,   194.00,   788.00
-75.7502367,  36.1849239,    -3.10,   206.00,   788.00
-75.7501099,  36.1849576,    -3.48,   218.00,   788.00
-75.7499831,  36.1849912,    -3.74,   230.00,   788.00
-75.7498564,  36.1850249,    -3.85,   242.00,   788.00
-75.7497296,  36.1850586,    -3.88,   254.00,   788.00
-75.7496028,  36.1850922,    -3.85,   266.00,   788.00
-75.7494761,  36.1851259,    -3.80,   278.00,   788.00
-75.7493493,  36.1851596,    -3.74,   290.00,   788.00
-75.7492225,  36.1851932,    -3.69,   302.00,   788.00
-75.7490958,  36.1852269,    -3.67,   314.00,   788.00
-75.7489690,  36.1852606,    -3.71,   326.00,   788.00
-75.7488422,  36.1852942,    -3.76,   338.00,   788.00
-75.7487154,  36.1853279,    -3.85,   350.00,   788.00
-75.7485887,  36.1853616,    -3.95,   362.00,   788.00
-75.7484619,  36.1853952,    -4.06,   374.00,   788.00
-75.7483351,  36.1854289,    -4.18,   386.00,   788.00
-75.7482084,  36.1854626,    -4.32,   398.00,   788.00
-75.7480816,  36.1854962,    -4.46,   410.00,   788.00
-75.7479548,  36.1855299,    -4.59,   422.00,   788.00
-75.7478281,  36.1855636,    -4.75,   434.00,   788.00
-75.7477013,  36.1855972,    -4.90,   446.00,   788.00
-75.7475745,  36.1856309,    -5.04,   458.00,   788.00
-75.7474478,  36.1856646,    -5.17,   470.00,   788.00
-75.7473210,  36.1856983,    -5.29,   482.00,   788.00
-75.7471942,  36.1857319,    -5.42,   494.00,   788.00
-75.7470674,  36.1857656,    -5.54,   506.00,   788.00
-75.7469407,  36.1857993,    -5.68,   518.00,   788.00
-75.7468139,  36.1858329,    -5.81,   530.00,   788.00
-75.7466871,  36.1858666,    -5.92,   542.00,   788.00
-75.7465604,  36.1859003,    -5.99,   554.00,   788.00
-75.7519677,  36.1846917,     6.63,    50.00,   812.00
-75.7518410,  36.1847254,     5.44,    62.00,   812.00
-75.7517142,  36.1847591,     3.25,    74.00,   812.00
-75.7515874,  36.1847927,     1.95,    86.00,   812.00
-75.7514607,  36.1848264,     0.86,    98.00,   812.00
-75.7513339,  36.1848601,    -0.27,   110.00,   812.00
-75.7512071,  36.1848937,    -0.95,   122.00,   812.00
-75.7510804,  36.1849274,    -1.07,   134.00,   812.00
-75.7509536,  36.1849611,    -1.09,   146.00,   812.00
-75.7508268,  36.1849948,    -1.24,   158.00,   812.00
-75.7507000,  36.1850284,    -1.55,   170.00,   812.00
-75.7505733,  36.1850621,    -2.03,   182.00,   812.00
-75.7504465,  36.1850958,    -2.58,   194.00,   812.00
-75.7503197,  36.1851294,    -3.11,   206.00,   812.00
-75.7501930,  36.1851631,    -3.50,   218.00,   812.00
-75.7500662,  36.1851968,    -3.75,   230.00,   812.00
-75.7499394,  36.1852304,    -3.85,   242.00,   812.00
-75.7498127,  36.1852641,    -3.86,   254.00,   812.00
-75.7496859,  36.1852978,    -3.83,   266.00,   812.00
-75.7495591,  36.1853314,    -3.77,   278.00,   812.00
-75.7494324,  36.1853651,    -3.70,   290.00,   812.00
-75.7493056,  36.1853988,    -3.65,   302.00,   812.00
-75.7491788,  36.1854324,    -3.64,   314.00,   812.00
-75.7490520,  36.1854661,    -3.68,   326.00,   812.00
-75.7489253,  36.1854998,    -3.75,   338.00,   812.00
-75.7487985,  36.1855334,    -3.84,   350.00,   812.00
-75.7486717,  36.1855671,    -3.94,   362.00,   812.00
-75.7485450,  36.1856008,    -4.05,   374.00,   812.00
-75.7484182,  36.1856344,    -4.17,   386.00,   812.00
-75.7482914,  36.1856681,    -4.31,   398.00,   812.00
-75.7481647,  36.1857018,    -4.45,   410.00,   812.00
-75.7480379,  36.1857355,    -4.60,   422.00,   812.00
-75.7479111,  36.1857691,    -4.75,   434.00,   812.00
-75.7477844,  36.1858028,    -4.88,   446.00,   812.00
-75.7476576,  36.1858365,    -5.03,   458.00,   812.00
-75.7475308,  36.1858701,    -5.14,   470.00,   812.00
-75.7474040,  36.1859038,    -5.24,   482.00,   812.00
-75.7472773,  36.1859375,    -5.37,   494.00,   812.00
-75.7471505,  36.1859711,    -5.51,   506.00,   812.00
-75.7470237,  36.1860048,    -5.65,   518.00,   812.00
-75.7468970,  36.1860385,    -5.80,   530.00,   812.00
-75.7467702,  36.1860721,    -5.92,   542.00,   812.00
-75.7466434,  36.1861058,    -6.00,   554.00,   812.00
-75.7520508,  36.1848973,     6.79,    50.00,   836.00
-75.7519240,  36.1849309,     5.90,    62.00,   836.00
-75.7517973,  36.1849646,     3.53,    74.00,   836.00
-75.7516705,  36.1849983,     2.01,    86.00,   836.00
-75.7515437,  36.1850320,     0.93,    98.00,   836.00
-75.7514170,  36.1850656,     0.01,   110.00,   836.00
-75.7512902,  36.1850993,    -0.67,   122.00,   836.00
-75.7511634,  36.1851330,    -0.88,   134.00,   836.00
-75.7510366,  36.1851666,    -1.04,   146.00,   836.00
-75.7509099,  36.1852003,    -1.28,   158.00,   836.00
-75.7507831,  36.1852340,    -1.56,   170.00,   836.00
-75.7506563,  36.1852676,    -2.00,   182.00,   836.00
-75.7505296,  36.1853013,    -2.57,   194.00,   836.00
-75.7504028,  36.1853350,    -3.11,   206.00,   836.00
-75.7502760,  36.1853686,    -3.50,   218.00,   836.00
-75.7501493,  36.1854023,    -3.73,   230.00,   836.00
-75.7500225,  36.1854360,    -3.81,   242.00,   836.00
-75.7498957,  36.1854696,    -3.80,   254.00,   836.00
-75.7497690,  36.1855033,    -3.75,   266.00,   836.00
-75.7496422,  36.1855370,    -3.70,   278.00,   836.00
-75.7495154,  36.1855706,    -3.65,   290.00,   836.00
-75.7493886,  36.1856043,    -3.62,   302.00,   836.00
-75.7492619,  36.1856380,    -3.62,   314.00,   836.00
-75.7491351,  36.1856716,    -3.66,   326.00,   836.00
-75.7490083,  36.1857053,    -3.73,   338.00,   836.00
-75.7488816,  36.1857390,    -3.83,   350.00,   836.00
-75.7487548,  36.1857727,    -3.94,   362.00,   836.00
-75.7486280,  36.1858063,    -4.06,   374.00,   836.00
-75.7485013,  36.1858400,    -4.17,   386.00,   836.00
-75.7483745,  36.1858737,    -4.32,   398.00,   836.00
-75.7482477,  36.1859073,    -4.47,   410.00,   836.00
-75.7481210,  36.1859410,    -4.62,   422.00,   836.00
-75.7479942,  36.1859747,    -4.77,   434.00,   836.00
-75.7478674,  36.1860083,    -4.91,   446.00,   836.00
-75.7477406,  36.1860420,    -5.02,   458.00,   836.00
-75.7476139,  36.1860757,    -5.13,   470.00,   836.00
-75.7474871,  36.1861093,    -5.28,   482.00,   836.00
-75.7473603,  36.1861430,    -5.42,   494.00,   836.00
-75.7472336,  36.1861767,    -5.56,   506.00,   836.00
-75.7471068,  36.1862103,    -5.70,   518.00,   836.00
-75.7469800,  36.1862440,    -5.82,   530.00,   836.00
-75.7468533,  36.1862777,    -5.94,   542.00,   836.00
-75.7467265,  36.1863113,    -6.01,   554.00,   836.00
-75.7521339,  36.1851028,     6.53,    50.00,   860.00
-75.7520071,  36.1851365,     6.14,    62.00,   860.00
-75.7518803,  36.1851702,     3.55,    74.00,   860.00
-75.7517536,  36.1852038,     2.21,    86.00,   860.00
-75.7516268,  36.1852375,     1.10,    98.00,   860.00
-75.7515000,  36.1852712,     0.14,   110.00,   860.00
-75.7513732,  36.1853048,    -0.64,   122.00,   860.00
-75.7512465,  36.1853385,    -0.87,   134.00,   860.00
-75.7511197,  36.1853722,    -1.05,   146.00,   860.00
-75.7509929,  36.1854058,    -1.31,   158.00,   860.00
-75.7508662,  36.1854395,    -1.57,   170.00,   860.00
-75.7507394,  36.1854732,    -1.94,   182.00,   860.00
-75.7506126,  36.1855068,    -2.55,   194.00,   860.00
-75.7504859,  36.1855405,    -3.12,   206.00,   860.00
-75.7503591,  36.1855742,    -3.50,   218.00,   860.00
-75.7502323,  36.1856078,    -3.70,   230.00,   860.00
-75.7501056,  36.1856415,    -3.76,   242.00,   860.00
-75.7499788,  36.1856752,    -3.74,   254.00,   860.00
-75.7498520,  36.1857088,    -3.69,   266.00,   860.00
-75.7497252,  36.1857425,    -3.64,   278.00,   860.00
-75.7495985,  36.1857762,    -3.59,   290.00,   860.00
-75.7494717,  36.1858099,    -3.57,   302.00,   860.00
-75.7493449,  36.1858435,    -3.58,   314.00,   860.00
-75.7492182,  36.1858772,    -3.62,   326.00,   860.00
-75.7490914,  36.1859109,    -3.70,   338.00,   860.00
-75.7489646,  36.1859445,    -3.81,   350.00,   860.00
-75.7488379,  36.1859782,    -3.92,   362.00,   860.00
-75.7487111,  36.1860119,    -4.03,   374.00,   860.00
-75.7485843,  36.1860455,    -4.16,   386.00,   860.00
-75.7484576,  36.1860792,    -4.30,   398.00,   860.00
-75.7483308,  36.1861129,    -4.45,   410.00,   860.00
-75.7482040,  36.1861465,    -4.58,   422.00,   860.00
-75.7480772,  36.1861802,    -4.71,   434.00,   860.00
-75.7479505,  36.1862139,    -4.89,   446.00,   860.00
-75.7478237,  36.1862475,    -5.02,   458.00,   860.00
-75.7476969,  36.1862812,    -5.18,   470.00,   860.00
-75.7475702,  36.1863149,    -5.30,   482.00,   860.00
-75.7474434,  36.1863485,    -5.45,   494.00,   860.00
-75.7473166,  36.1863822,    -5.55,   506.00,   860.00
-75.7471899,  36.1864159,    -5.68,   518.00,   860.00
-75.7470631,  36.1864495,    -5.84,   530.00,   860.00
-75.7469363,  36.1864832,    -5.95,   542.00,   860.00
-75.7468095,  36.1865169,    -6.04,   554.00,   860.00
-75.7522169,  36.1853084,     6.59,    50.00,   884.00
-75.7520902,  36.1853420,     6.11,    62.00,   884.00
-75.7519634,  36.1853757,     3.86,    74.00,   884.00
-75.7518366,  36.1854094,     2.25,    86.00,   884.00
-75.7517098,  36.1854430,     1.17,    98.00,   884.00
-75.7515831,  36.1854767,     0.21,   110.00,   884.00
-75.7514563,  36.1855104,    -0.60,   122.00,   884.00
-75.7513295,  36.1855440,    -0.91,   134.00,   884.00
-75.7512028,  36.1855777,    -1.09,   146.00,   884.00
-75.7510760,  36.1856114,    -1.33,   158.00,   884.00
-75.7509492,  36.1856450,    -1.58,   170.00,   884.00
-75.7508225,  36.1856787,    -1.92,   182.00,   884.00
-75.7506957,  36.1857124,    -2.49,   194.00,   884.00
-75.7505689,  36.1857460,    -3.07,   206.00,   884.00
-75.7504422,  36.1857797,    -3.45,   218.00,   884.00
-75.7503154,  36.1858134,    -3.65,   230.00,   884.00
-75.7501886,  36.1858471,    -3.72,   242.00,   884.00
-75.7500618,  36.1858807,    -3.71,   254.00,   884.00
-75.7499351,  36.1859144,    -3.66,   266.00,   884.00
-75.7498083,  36.1859481,    -3.61,   278.00,   884.00
-75.7496815,  36.1859817,    -3.58,   290.00,   884.00
-75.7495548,  36.1860154,    -3.57,   302.00,   884.00
-75.7494280,  36.1860491,    -3.59,   314.00,   884.00
-75.7493012,  36.1860827,    -3.64,   326.00,   884.00
-75.7491745,  36.1861164,    -3.71,   338.00,   884.00
-75.7490477,  36.1861501,    -3.81,   350.00,   884.00
-75.7489209,  36.1861837,    -3.93,   362.00,   884.00
-75.7487941,  36.1862174,    -4.04,   374.00,   884.00
-75.7486674,  36.1862511,    -4.17,   386.00,   884.00
-75.7485406,  36.1862847,    -4.32,   398.00,   884.00
-75.7484138,  36.1863184,    -4.46,   410.00,   884.00
-75.7482871,  36.1863521,    -4.58,   422.00,   884.00
-75.7481603,  36.1863857,    -4.71,   434.00,   884.00
-75.7480335,  36.1864194,    -4.85,   446.00,   884.00
-75.7479068,  36.1864531,    -5.01,   458.00,   884.00
-75.7477800,  36.1864867,    -5.16,   470.00,   884.00
-75.7476532,  36.1865204,    -5.30,   482.00,   884.00
-75.7475265,  36.1865541,    -5.45,   494.00,   884.00
-75.7473997,  36.1865877,    -5.58,   506.00,   884.00
-75.7472729,  36.1866214,    -5.71,   518.00,   884.00
-75.7471461,  36.1866551,    -5.83,   530.00,   884.00
-75.7470194,  36.1866888,    -5.97,   542.00,   884.00
-75.7468926,  36.1867224,    -6.06,   554.00,   884.00
-75.7523000,  36.1855139,     6.54,    50.00,   908.00
-75.7521732,  36.1855476,     6.23,    62.00,   908.00
-75.7520464,  36.1855812,     4.13,    74.00,   908.00
-75.7519197,  36.1856149,     2.45,    86.00,   908.00
-75.7517929,  36.1856486,     1.28,    98.00,   908.00
-75.7516661,  36.1856822,     0.12,   110.00,   908.00
-75.7515394,  36.1857159,    -0.73,   122.00,   908.00
-75.7514126,  36.1857496,    -1.01,   134.00,   908.00
-75.7512858,  36.1857832,    -1.15,   146.00,   908.00
-75.7511591,  36.1858169,    -1.36,   158.00,   908.00
-75.7510323,  36.1858506,    -1.58,   170.00,   908.00
-75.7509055,  36.1858843,    -1.87,   182.00,   908.00
-75.7507787,  36.1859179,    -2.41,   194.00,   908.00
-75.7506520,  36.1859516,    -2.99,   206.00,   908.00
-75.7505252,  36.1859853,    -3.37,   218.00,   908.00
-75.7503984,  36.1860189,    -3.58,   230.00,   908.00
-75.7502717,  36.1860526,    -3.67,   242.00,   908.00
-75.7501449,  36.1860863,    -3.67,   254.00,   908.00
-75.7500181,  36.1861199,    -3.64,   266.00,   908.00
-75.7498914,  36.1861536,    -3.61,   278.00,   908.00
-75.7497646,  36.1861873,    -3.58,   290.00,   908.00
-75.7496378,  36.1862209,    -3.57,   302.00,   908.00
-75.7495111,  36.1862546,    -3.58,   314.00,   908.00
-75.7493843,  36.1862883,    -3.64,   326.00,   908.00
-75.7492575,  36.1863219,    -3.71,   338.00,   908.00
-75.7491307,  36.1863556,    -3.81,   350.00,   908.00
-75.7490040,  36.1863893,    -3.93,   362.00,   908.00
-75.7488772,  36.1864229,    -4.04,   374.00,   908.00
-75.7487504,  36.1864566,    -4.19,   386.00,   908.00
-75.7486237,  36.1864903,    -4.32,   398.00,   908.00
-75.7484969,  36.1865239,    -4.46,   410.00,   908.00
-75.7483701,  36.1865576,    -4.59,   422.00,   908.00
-75.7482434,  36.1865913,    -4.73,   434.00,   908.00
-75.7481166,  36.1866249,    -4.88,   446.00,   908.00
-75.7479898,  36.1866586,    -5.02,   458.00,   908.00
-75.7478631,  36.1866923,    -5.19,   470.00,   908.00
-75.7477363,  36.1867260,    -5.34,   482.00,   908.00
-75.7476095,  36.1867596,    -5.48,   494.00,   908.00
-75.7474827,  36.1867933,    -5.59,   506.00,   908.00
-75.7473560,  36.1868270,    -5.72,   518.00,   908.00
-75.7472292,  36.1868606,    -5.86,   530.00,   908.00
-75.7471024,  36.1868943,    -5.97,   542.00,   908.00
-75.7469757,  36.1869280,    -6.04,   554.00,   908.00
-75.7523830,  36.1857194,     6.59,    50.00,   932.00
-75.7522563,  36.1857531,     6.82,    62.00,   932.00
-75.7521295,  36.1857868,     4.32,    74.00,   932.00
-75.7520027,  36.1858204,     2.56,    86.00,   932.00
-75.7518760,  36.1858541,     1.27,    98.00,   932.00
-75.7517492,  36.1858878,     0.17,   110.00,   932.00
-75.7516224,  36.1859215,    -0.99,   122.00,   932.00
-75.7514957,  36.1859551,    -1.04,   134.00,   932.00
-75.7513689,  36.1859888,    -1.20,   146.00,   932.00
-75.7512421,  36.1860225,    -1.39,   158.00,   932.00
-75.7511153,  36.1860561,    -1.57,   170.00,   932.00
-75.7509886,  36.1860898,    -1.77,   182.00,   932.00
-75.7508618,  36.1861235,    -2.27,   194.00,   932.00
-75.7507350,  36.1861571,    -2.88,   206.00,   932.00
-75.7506083,  36.1861908,    -3.26,   218.00,   932.00
-75.7504815,  36.1862245,    -3.46,   230.00,   932.00
-75.7503547,  36.1862581,    -3.57,   242.00,   932.00
-75.7502280,  36.1862918,    -3.62,   254.00,   932.00
-75.7501012,  36.1863255,    -3.63,   266.00,   932.00
-75.7499744,  36.1863591,    -3.61,   278.00,   932.00
-75.7498477,  36.1863928,    -3.57,   290.00,   932.00
-75.7497209,  36.1864265,    -3.55,   302.00,   932.00
-75.7495941,  36.1864601,    -3.56,   314.00,   932.00
-75.7494673,  36.1864938,    -3.59,   326.00,   932.00
-75.7493406,  36.1865275,    -3.69,   338.00,   932.00
-75.7492138,  36.1865611,    -3.78,   350.00,   932.00
-75.7490870,  36.1865948,    -3.91,   362.00,   932.00
-75.7489603,  36.1866285,    -4.03,   374.00,   932.00
-75.7488335,  36.1866621,    -4.18,   386.00,   932.00
-75.7487067,  36.1866958,    -4.31,   398.00,   932.00
-75.7485800,  36.1867295,    -4.46,   410.00,   932.00
-75.7484532,  36.1867632,    -4.58,   422.00,   932.00
-75.7483264,  36.1867968,    -4.72,   434.00,   932.00
-75.7481997,  36.1868305,    -4.87,   446.00,   932.00
-75.7480729,  36.1868642,    -5.00,   458.00,   932.00
-75.7479461,  36.1868978,    -5.16,   470.00,   932.00
-75.7478193,  36.1869315,    -5.34,   482.00,   932.00
-75.7476926,  36.1869652,    -5.46,   494.00,   932.00
-75.7475658,  36.1869988,    -5.59,   506.00,   932.00
-75.7474390,  36.1870325,    -5.71,   518.00,   932.00
-75.7473123,  36.1870662,    -5.83,   530.00,   932.00
-75.7471855,  36.1870998,    -5.95,   542.00,   932.00
-75.7470587,  36.1871335,    -6.04,   554.00,   932.00
-75.7524661,  36.1859250,     6.57,    50.00,   956.00
-75.7523393,  36.1859587,     6.44,    62.00,   956.00
-75.7522126,  36.1859923,     4.65,    74.00,   956.00
-75.7520858,  36.1860260,     2.72,    86.00,   956.00
-75.7519590,  36.1860597,     1.40,    98.00,   956.00
-75.7518323,  36.1860933,     0.03,   110.00,   956.00
-75.7517055,  36.1861270,    -0.87,   122.00,   956.00
-75.7515787,  36.1861607,    -1.20,   134.00,   956.00
-75.7514519,  36.1861943,    -1.24,   146.00,   956.00
-75.7513252,  36.1862280,    -1.32,   158.00,   956.00
-75.7511984,  36.1862617,    -1.51,   170.00,   956.00
-75.7510716,  36.1862953,    -1.81,   182.00,   956.00
-75.7509449,  36.1863290,    -2.29,   194.00,   956.00
-75.7508181,  36.1863627,    -2.81,   206.00,   956.00
-75.7506913,  36.1863963,    -3.21,   218.00,   956.00
-75.7505646,  36.1864300,    -3.42,   230.00,   956.00
-75.7504378,  36.1864637,    -3.55,   242.00,   956.00
-75.7503110,  36.1864973,    -3.62,   254.00,   956.00
-75.7501843,  36.1865310,    -3.63,   266.00,   956.00
-75.7500575,  36.1865647,    -3.61,   278.00,   956.00
-75.7499307,  36.1865983,    -3.59,   290.00,   956.00
-75.7498039,  36.1866320,    -3.58,   302.00,   956.00
-75.7496772,  36.1866657,    -3.60,   314.00,   956.00
-75.7495504,  36.1866993,    -3.64,   326.00,   956.00
-75.7494236,  36.1867330,    -3.70,   338.00,   956.00
-75.7492969,  36.1867667,    -3.80,   350.00,   956.00
-75.7491701,  36.1868004,    -3.92,   362.00,   956.00
-75.7490433,  36.1868340,    -4.04,   374.00,   956.00
-75.7489166,  36.1868677,    -4.17,   386.00,   956.00
-75.7487898,  36.1869014,    -4.31,   398.00,   956.00
-75.7486630,  36.1869350,    -4.46,   410.00,   956.00
-75.7485363,  36.1869687,    -4.60,   422.00,   956.00
-75.7484095,  36.1870024,    -4.73,   434.00,   956.00
-75.7482827,  36.1870360,    -4.87,   446.00,   956.00
-75.7481559,  36.1870697,    -5.02,   458.00,   956.00
-75.7480292,  36.1871034,    -5.18,   470.00,   956.00
-75.7479024,  36.1871370,    -5.33,   482.00,   956.00
-75.7477756,  36.1871707,    -5.46,   494.00,   956.00
-75.7476489,  36.1872044,    -5.59,   506.00,   956.00
-75.7475221,  36.1872380,    -5.72,   518.00,   956.00
-75.7473953,  36.1872717,    -5.86,   530.00,   956.00
-75.7472686,  36.1873054,    -5.99,   542.00,   956.00
-75.7471418,  36.1873390,    -6.05,   554.00,   956.00
-75.7525492,  36.1861305,     6.35,    50.00,   980.00
-75.7524224,  36.1861642,     6.70,    62.00,   980.00
-75.7522956,  36.1861979,     4.93,    74.00,   980.00
-75.7521689,  36.1862315,     2.74,    86.00,   980.00
-75.7520421,  36.1862652,     1.30,    98.00,   980.00
-75.7519153,  36.1862989,     0.00,   110.00,   980.00
-75.7517885,  36.1863325,    -1.08,   122.00,   980.00
-75.7516618,  36.1863662,    -1.18,   134.00,   980.00
-75.7515350,  36.1863999,    -1.17,   146.00,   980.00
-75.7514082,  36.1864335,    -1.20,   158.00,   980.00
-75.7512815,  36.1864672,    -1.48,   170.00,   980.00
-75.7511547,  36.1865009,    -1.85,   182.00,   980.00
-75.7510279,  36.1865345,    -2.25,   194.00,   980.00
-75.7509012,  36.1865682,    -2.86,   206.00,   980.00
-75.7507744,  36.1866019,    -3.24,   218.00,   980.00
-75.7506476,  36.1866355,    -3.41,   230.00,   980.00
-75.7505209,  36.1866692,    -3.56,   242.00,   980.00
-75.7503941,  36.1867029,    -3.63,   254.00,   980.00
-75.7502673,  36.1867365,    -3.64,   266.00,   980.00
-75.7501405,  36.1867702,    -3.63,   278.00,   980.00
-75.7500138,  36.1868039,    -3.60,   290.00,   980.00
-75.7498870,  36.1868376,    -3.59,   302.00,   980.00
-75.7497602,  36.1868712,    -3.64,   314.00,   980.00
-75.7496335,  36.1869049,    -3.68,   326.00,   980.00
-75.7495067,  36.1869386,    -3.74,   338.00,   980.00
-75.7493799,  36.1869722,    -3.81,   350.00,   980.00
-75.7492532,  36.1870059,    -3.91,   362.00,   980.00
-75.7491264,  36.1870396,    -4.03,   374.00,   980.00
-75.7489996,  36.1870732,    -4.17,   386.00,   980.00
-75.7488729,  36.1871069,    -4.31,   398.00,   980.00
-75.7487461,  36.1871406,    -4.45,   410.00,   980.00
-75.7486193,  36.1871742,    -4.59,   422.00,   980.00
-75.7484925,  36.1872079,    -4.75,   434.00,   980.00
-75.7483658,  36.1872416,    -4.89,   446.00,   980.00
-75.7482390,  36.1872752,    -5.03,   458.00,   980.00
-75.7481122,  36.1873089,    -5.18,   470.00,   980.00
-75.7479855,  36.1873426,    -5.32,   482.00,   980.00
-75.7478587,  36.1873762,    -5.45,   494.00,   980.00
-75.7477319,  36.1874099,    -5.59,   506.00,   980.00
-75.7476052,  36.1874436,    -5.72,   518.00,   980.00
-75.7474784,  36.1874772,    -5.85,   530.00,   980.00
-75.7473516,  36.1875109,    -5.99,   542.00,   980.00
-75.7472249,  36.1875446,    -6.07,   554.00,   980.00
-75.7526322,  36.1863361,     5.61,    50.00,  1004.00
-75.7525055,  36.1863697,     6.15,    62.00,  1004.00
-75.7523787,  36.1864034,     4.94,    74.00,  1004.00
-75.7522519,  36.1864371,     2.98,    86.00,  1004.00
-75.7521251,  36.1864707,     1.47,    98.00,  1004.00
-75.7519984,  36.1865044,     0.10,   110.00,  1004.00
-75.7518716,  36.1865381,    -0.56,   122.00,  1004.00
-75.7517448,  36.1865717,    -0.97,   134.00,  1004.00
-75.7516181,  36.1866054,    -1.05,   146.00,  1004.00
-75.7514913,  36.1866391,    -1.19,   158.00,  1004.00
-75.7513645,  36.1866727,    -1.48,   170.00,  1004.00
-75.7512378,  36.1867064,    -1.93,   182.00,  1004.00
-75.7511110,  36.1867401,    -2.46,   194.00,  1004.00
-75.7509842,  36.1867737,    -2.95,   206.00,  1004.00
-75.7508575,  36.1868074,    -3.26,   218.00,  1004.00
-75.7507307,  36.1868411,    -3.42,   230.00,  1004.00
-75.7506039,  36.1868748,    -3.53,   242.00,  1004.00
-75.7504771,  36.1869084,    -3.59,   254.00,  1004.00
-75.7503504,  36.1869421,    -3.62,   266.00,  1004.00
-75.7502236,  36.1869758,    -3.61,   278.00,  1004.00
-75.7500968,  36.1870094,    -3.58,   290.00,  1004.00
-75.7499701,  36.1870431,    -3.58,   302.00,  1004.00
-75.7498433,  36.1870768,    -3.61,   314.00,  1004.00
-75.7497165,  36.1871104,    -3.66,   326.00,  1004.00
-75.7495898,  36.1871441,    -3.73,   338.00,  1004.00
-75.7494630,  36.1871778,    -3.83,   350.00,  1004.00
-75.7493362,  36.1872114,    -3.93,   362.00,  1004.00
-75.7492095,  36.1872451,    -4.04,   374.00,  1004.00
-75.7490827,  36.1872788,    -4.18,   386.00,  1004.00
-75.7489559,  36.1873124,    -4.33,   398.00,  1004.00
-75.7488291,  36.1873461,    -4.47,   410.00,  1004.00
-75.7487024,  36.1873798,    -4.62,   422.00,  1004.00
-75.7485756,  36.1874134,    -4.79,   434.00,  1004.00
-75.7484488,  36.1874471,    -4.93,   446.00,  1004.00
-75.7483221,  36.1874808,    -5.06,   458.00,  1004.00
-75.7481953,  36.1875144,    -5.18,   470.00,  1004.00
-75.7480685,  36.1875481,    -5.33,   482.00,  1004.00
-75.7479418,  36.1875818,    -5.46,   494.00,  1004.00
-75.7478150,  36.1876155,    -5.60,   506.00,  1004.00
-75.7476882,  36.1876491,    -5.73,   518.00,  1004.00
-75.7475615,  36.1876828,    -5.85,   530.00,  1004.00
-75.7474347,  36.1877165,    -5.99,   542.00,  1004.00
-75.7473079,  36.1877501,    -6.08,   554.00,  1004.00
-75.7527153,  36.1865416,     4.73,    50.00,  1028.00
-75.7525885,  36.1865753,     6.76,    62.00,  1028.00
-75.7524617,  36.1866089,     5.19,    74.00,  1028.00
-75.7523350,  36.1866426,     2.98,    86.00,  1028.00
-75.7522082,  36.1866763,     1.45,    98.00,  1028.00
-75.7520814,  36.1867099,     0.32,   110.00,  1028.00
-75.7519547,  36.1867436,    -0.81,   122.00,  1028.00
-75.7518279,  36.1867773,    -0.84,   134.00,  1028.00
-75.7517011,  36.1868109,    -0.90,   146.00,  1028.00
-75.7515744,  36.1868446,    -1.10,   158.00,  1028.00
-75.7514476,  36.1868783,    -1.45,   170.00,  1028.00
-75.7513208,  36.1869120,    -1.94,   182.00,  1028.00
-75.7511941,  36.1869456,    -2.74,   194.00,  1028.00
-75.7510673,  36.1869793,    -3.13,   206.00,  1028.00
-75.7509405,  36.1870130,    -3.41,   218.00,  1028.00
-75.7508137,  36.1870466,    -3.48,   230.00,  1028.00
-75.7506870,  36.1870803,    -3.53,   242.00,  1028.00
-75.7505602,  36.1871140,    -3.58,   254.00,  1028.00
-75.7504334,  36.1871476,    -3.61,   266.00,  1028.00
-75.7503067,  36.1871813,    -3.60,   278.00,  1028.00
-75.7501799,  36.1872150,    -3.58,   290.00,  1028.00
-75.7500531,  36.1872486,    -3.55,   302.00,  1028.00
-75.7499264,  36.1872823,    -3.58,   314.00,  1028.00
-75.7497996,  36.1873160,    -3.64,   326.00,  1028.00
-75.7496728,  36.1873496,    -3.73,   338.00,  1028.00
-75.7495461,  36.1873833,    -3.82,   350.00,  1028.00
-75.7494193,  36.1874170,    -3.93,   362.00,  1028.00
-75.7492925,  36.1874506,    -4.05,   374.00,  1028.00
-75.7491657,  36.1874843,    -4.20,   386.00,  1028.00
-75.7490390,  36.1875180,    -4.34,   398.00,  1028.00
-75.7489122,  36.1875516,    -4.49,   410.00,  1028.00
-75.7487854,  36.1875853,    -4.65,   422.00,  1028.00
-75.7486587,  36.1876190,    -4.81,   434.00,  1028.00
-75.7485319,  36.1876527,    -4.96,   446.00,  1028.00
-75.7484051,  36.1876863,    -5.07,   458.00,  1028.00
-75.7482784,  36.1877200,    -5.21,   470.00,  1028.00
-75.7481516,  36.1877537,    -5.31,   482.00,  1028.00
-75.7480248,  36.1877873,    -5.48,   494.00,  1028.00
-75.7478981,  36.1878210,    -5.60,   506.00,  1028.00
-75.7477713,  36.1878547,    -5.74,   518.00,  1028.00
-75.7476445,  36.1878883,    -5.89,   530.00,  1028.00
-75.7475177,  36.1879220,    -6.02,   542.00,  1028.00
-75.7473910,  36.1879557,    -6.13,   554.00,  1028.00
-75.7527983,  36.1867471,     5.63,    50.00,  1052.00
-75.7526716,  36.1867808,     6.13,    62.00,  1052.00
-75.7525448,  36.1868145,     5.34,    74.00,  1052.00
-75.7524180,  36.1868481,     3.19,    86.00,  1052.00
-75.7522913,  36.1868818,     1.60,    98.00,  1052.00
-75.7521645,  36.1869155,     0.37,   110.00,  1052.00
-75.7520377,  36.1869492,    -0.65,   122.00,  1052.00
-75.7519110,  36.1869828,    -0.92,   134.00,  1052.00
-75.7517842,  36.1870165,    -0.95,   146.00,  1052.00
-75.7516574,  36.1870502,    -1.18,   158.00,  1052.00
-75.7515307,  36.1870838,    -1.54,   170.00,  1052.00
-75.7514039,  36.1871175,    -2.05,   182.00,  1052.00
-75.7512771,  36.1871512,    -2.61,   194.00,  1052.00
-75.7511503,  36.1871848,    -3.07,   206.00,  1052.00
-75.7510236,  36.1872185,    -3.41,   218.00,  1052.00
-75.7508968,  36.1872522,    -3.59,   230.00,  1052.00
-75.7507700,  36.1872858,    -3.65,   242.00,  1052.00
-75.7506433,  36.1873195,    -3.65,   254.00,  1052.00
-75.7505165,  36.1873532,    -3.63,   266.00,  1052.00
-75.7503897,  36.1873868,    -3.59,   278.00,  1052.00
-75.7502630,  36.1874205,    -3.56,   290.00,  1052.00
-75.7501362,  36.1874542,    -3.54,   302.00,  1052.00
-75.7500094,  36.1874878,    -3.58,   314.00,  1052.00
-75.7498827,  36.1875215,    -3.64,   326.00,  1052.00
-75.7497559,  36.1875552,    -3.73,   338.00,  1052.00
-75.7496291,  36.1875888,    -3.83,   350.00,  1052.00
-75.7495023,  36.1876225,    -3.95,   362.00,  1052.00
-75.7493756,  36.1876562,    -4.07,   374.00,  1052.00
-75.7492488,  36.1876899,    -4.21,   386.00,  1052.00
-75.7491220,  36.1877235,    -4.36,   398.00,  1052.00
-75.7489953,  36.1877572,    -4.51,   410.00,  1052.00
-75.7488685,  36.1877909,    -4.68,   422.00,  1052.00
-75.7487417,  36.1878245,    -4.82,   434.00,  1052.00
-75.7486150,  36.1878582,    -4.93,   446.00,  1052.00
-75.7484882,  36.1878919,    -5.06,   458.00,  1052.00
-75.7483614,  36.1879255,    -5.23,   470.00,  1052.00
-75.7482347,  36.1879592,    -5.36,   482.00,  1052.00
-75.7481079,  36.1879929,    -5.47,   494.00,  1052.00
-75.7479811,  36.1880265,    -5.62,   506.00,  1052.00
-75.7478543,  36.1880602,    -5.77,   518.00,  1052.00
-75.7477276,  36.1880939,    -5.85,   530.00,  1052.00
-75.7476008,  36.1881275,    -6.00,   542.00,  1052.00
-75.7474740,  36.1881612,    -6.09,   554.00,  1052.00
-75.7528814,  36.1869527,     5.79,    50.00,  1076.00
-75.7527546,  36.1869864,     5.95,    62.00,  1076.00
-75.7526279,  36.1870200,     5.22,    74.00,  1076.00
-75.7525011,  36.1870537,     3.21,    86.00,  1076.00
-75.7523743,  36.1870874,     1.63,    98.00,  1076.00
-75.7522476,  36.1871210,     0.38,   110.00,  1076.00
-75.7521208,  36.1871547,    -0.59,   122.00,  1076.00
-75.7519940,  36.1871884,    -0.99,   134.00,  1076.00
-75.7518673,  36.1872220,    -1.00,   146.00,  1076.00
-75.7517405,  36.1872557,    -1.22,   158.00,  1076.00
-75.7516137,  36.1872894,    -1.56,   170.00,  1076.00
-75.7514869,  36.1873230,    -2.07,   182.00,  1076.00
-75.7513602,  36.1873567,    -2.61,   194.00,  1076.00
-75.7512334,  36.1873904,    -3.06,   206.00,  1076.00
-75.7511066,  36.1874240,    -3.42,   218.00,  1076.00
-75.7509799,  36.1874577,    -3.60,   230.00,  1076.00
-75.7508531,  36.1874914,    -3.64,   242.00,  1076.00
-75.7507263,  36.1875250,    -3.63,   254.00,  1076.00
-75.7505996,  36.1875587,    -3.59,   266.00,  1076.00
-75.7504728,  36.1875924,    -3.55,   278.00,  1076.00
-75.7503460,  36.1876260,    -3.52,   290.00,  1076.00
-75.7502193,  36.1876597,    -3.51,   302.00,  1076.00
-75.7500925,  36.1876934,    -3.56,   314.00,  1076.00
-75.7499657,  36.1877271,    -3.63,   326.00,  1076.00
-75.7498389,  36.1877607,    -3.71,   338.00,  1076.00
-75.7497122,  36.1877944,    -3.82,   350.00,  1076.00
-75.7495854,  36.1878281,    -3.94,   362.00,  1076.00
-75.7494586,  36.1878617,    -4.07,   374.00,  1076.00
-75.7493319,  36.1878954,    -4.20,   386.00,  1076.00
-75.7492051,  36.1879291,    -4.33,   398.00,  1076.00
-75.7490783,  36.1879627,    -4.48,   410.00,  1076.00
-75.7489516,  36.1879964,    -4.64,   422.00,  1076.00
-75.7488248,  36.1880301,    -4.78,   434.00,  1076.00
-75.7486980,  36.1880637,    -4.91,   446.00,  1076.00
-75.7485712,  36.1880974,    -5.04,   458.00,  1076.00
-75.7484445,  36.1881311,    -5.18,   470.00,  1076.00
-75.7483177,  36.1881647,    -5.32,   482.00,  1076.00
-75.7481909,  36.1881984,    -5.47,   494.00,  1076.00
-75.7480642,  36.1882321,    -5.60,   506.00,  1076.00
-75.7479374,  36.1882657,    -5.71,   518.00,  1076.00
-75.7478106,  36.1882994,    -5.85,   530.00,  1076.00
-75.7476839,  36.1883331,    -5.97,   542.00,  1076.00
-75.7475571,  36.1883667,    -6.05,   554.00,  1076.00
-75.7529645,  36.1871582,     5.65,    50.00,  1100.00
-75.7528377,  36.1871919,     5.84,    62.00,  1100.00
-75.7527109,  36.1872256,     5.65,    74.00,  1100.00
-75.7525842,  36.1872592,     3.03,    86.00,  1100.00
-75.7524574,  36.1872929,     1.56,    98.00,  1100.00
-75.7523306,  36.1873266,     0.29,   110.00,  1100.00
-75.7522039,  36.1873602,    -0.93,   122.00,  1100.00
-75.7520771,  36.1873939,    -1.09,   134.00,  1100.00
-75.7519503,  36.1874276,    -0.99,   146.00,  1100.00
-75.7518235,  36.1874612,    -1.21,   158.00,  1100.00
-75.7516968,  36.1874949,    -1.56,   170.00,  1100.00
-75.7515700,  36.1875286,    -2.06,   182.00,  1100.00
-75.7514432,  36.1875622,    -2.63,   194.00,  1100.00
-75.7513165,  36.1875959,    -3.06,   206.00,  1100.00
-75.7511897,  36.1876296,    -3.38,   218.00,  1100.00
-75.7510629,  36.1876632,    -3.55,   230.00,  1100.00
-75.7509362,  36.1876969,    -3.59,   242.00,  1100.00
-75.7508094,  36.1877306,    -3.56,   254.00,  1100.00
-75.7506826,  36.1877643,    -3.52,   266.00,  1100.00
-75.7505558,  36.1877979,    -3.47,   278.00,  1100.00
-75.7504291,  36.1878316,    -3.46,   290.00,  1100.00
-75.7503023,  36.1878653,    -3.51,   302.00,  1100.00
-75.7501755,  36.1878989,    -3.53,   314.00,  1100.00
-75.7500488,  36.1879326,    -3.61,   326.00,  1100.00
-75.7499220,  36.1879663,    -3.69,   338.00,  1100.00
-75.7497952,  36.1879999,    -3.80,   350.00,  1100.00
-75.7496685,  36.1880336,    -3.93,   362.00,  1100.00
-75.7495417,  36.1880673,    -4.06,   374.00,  1100.00
-75.7494149,  36.1881009,    -4.19,   386.00,  1100.00
-75.7492882,  36.1881346,    -4.32,   398.00,  1100.00
-75.7491614,  36.1881683,    -4.47,   410.00,  1100.00
-75.7490346,  36.1882019,    -4.59,   422.00,  1100.00
-75.7489078,  36.1882356,    -4.75,   434.00,  1100.00
-75.7487811,  36.1882693,    -4.92,   446.00,  1100.00
-75.7486543,  36.1883029,    -5.04,   458.00,  1100.00
-75.7485275,  36.1883366,    -5.16,   470.00,  1100.00
-75.7484008,  36.1883703,    -5.31,   482.00,  1100.00
-75.7482740,  36.1884039,    -5.52,   494.00,  1100.00
-75.7481472,  36.1884376,    -5.60,   506.00,  1100.00
-75.7480205,  36.1884713,    -5.73,   518.00,  1100.00
-75.7478937,  36.1885050,    -5.87,   530.00,  1100.00
-75.7477669,  36.1885386,    -5.98,   542.00,  1100.00
-75.7476402,  36.1885723,    -6.06,   554.00,  1100.00
